0 0.7269990300925926 0.21012589583333335 0.7328895763888889 0.2943646388888889 0.7176353333333333 0.33107369675925924 0.7367639027777778 0.6683386944444444 0.7487314259259259 0.7120548171296297 0.7721396319444445 0.7282391435185185 0.8170958703703703 0.7340060925925926 0.8877237291666666 0.724612013888889 0.904528113425926 0.7100710462962964 0.9112251481481481 0.678415662037037 0.9035676458333334 0.5051945300925925 0.8896163495370369 0.30568172222222223 0.8694016481481481 0.2714528912037037 0.8641311597222222 0.1960813865740741 0.8457766296296296 0.1884542662037037 0.7352462083333333 0.20063860185185187 0.7269990300925926 0.21012589583333335
1 0.8877237291666666 0.724612013888889 0.904528113425926 0.7100710462962964 0.9112251481481481 0.678415662037037 0.8899263796296296 0.310115337962963 0.8848727037037037 0.3015581319444444 0.8189884907407406 0.31507579861111107 0.7211388657407407 0.3174628148148148 0.7433677222222222 0.6990639907407408 0.7721396319444445 0.7282391435185185 0.8170958703703703 0.7340060925925926 0.8877237291666666 0.724612013888889
2 0.7885732222222223 0.32611323611111115 0.8462102569444445 0.3220828634259259 0.8671382314814815 0.30279824768518515 0.8854927615740741 0.31042536805555554 0.8620845555555555 0.29424103935185186 0.7335096342592593 0.30323187500000004 0.7885732222222223 0.32611323611111115
0 0.5461183287037037 0.6816699305555555 0.5831374166666667 0.7013577916666667 0.6762433958333334 0.6948471875000001 0.6974813981481481 0.6799961898148148 0.703558375 0.6394735694444444 0.6838097500000001 0.2933413356481481 0.6632850185185185 0.2546788888888889 0.6633782337962962 0.19229820833333336 0.6317228495370371 0.1856011736111111 0.560784962962963 0.19056163425925926 0.5348033125 0.20128904398148148 0.5359502106481482 0.28140419675925926 0.5241995023148148 0.3045023726851852 0.5461183287037037 0.6816699305555555
1 0.5352369398148148 0.33491764120370365 0.5269897592592593 0.34440493518518517 0.5461183287037037 0.6816699305555555 0.5831374166666667 0.7013577916666667 0.6543853333333333 0.7008309490740741 0.6892342199074074 0.6894834814814814 0.7012949583333333 0.6708189236111111 0.703558375 0.6394735694444444 0.6841197777777778 0.2977749537037037 0.6043146550925926 0.30335547222222226 0.5894636574074075 0.2821174699074074 0.5761628032407408 0.28304755555555555 0.5637920347222222 0.2972784953703704 0.5413139166666666 0.2943950208333333 0.5289431481481481 0.3086259606481481 0.5352369398148148 0.33491764120370365
2 0.588843599537037 0.2732502337962963 0.5533746550925925 0.27573046296296294 0.5486310069444444 0.2716068726851852 0.5397637731481482 0.2722269305555556 0.5356401828703704 0.27697057870370373 0.532136650462963 0.29058146064814816 0.5416239444444445 0.2988286388888889 0.559978474537037 0.3064557592592593 0.5777129467592592 0.3052156458333333 0.5824565925925926 0.3093392337962963 0.5913238287037037 0.3087191759259259 0.5954474189814816 0.3039755300925926 0.6530844513888888 0.2999451550925926 0.6572080416666667 0.29520150925925925 0.6838097500000001 0.2933413356481481 0.6831896921296297 0.284474099537037 0.6689587523148148 0.27210333333333336 0.5935872453703703 0.27737382175925923 0.588843599537037 0.2732502337962963
0 0.3121598773148148 0.6490216296296296 0.3437524282407407 0.9096750046296296 0.38489510416666667 0.9246192175925926 0.4906818796296296 0.9083112916666666 0.5204770902777778 0.8884066180555555 0.5221204490740741 0.8481940277777779 0.4910243564814815 0.4672129074074074 0.46101233333333336 0.42030328240740744 0.45512178703703704 0.33606454166666666 0.4234664027777778 0.32936750694444444 0.3218032175925926 0.340931787037037 0.3088123912037037 0.34629549074074073 0.30211535648148147 0.3779508726851852 0.3121598773148148 0.6490216296296296
1 0.32577075925925925 0.652525162037037 0.31907372453703703 0.6841805439814814 0.3286846157407407 0.8216227037037037 0.3437524282407407 0.9096750046296296 0.38489510416666667 0.9246192175925926 0.5036727060185185 0.9029475879629629 0.5204770902777778 0.8884066180555555 0.5202602777777778 0.8215923194444444 0.48659073842592593 0.4675229375 0.4074056736111111 0.48197068981481483 0.30955604861111113 0.4843577060185185 0.3159734375 0.6398443657407407 0.32577075925925925 0.652525162037037
2 0.47865359027777776 0.48144384953703706 0.491334386574074 0.47164652546296293 0.48504059490740736 0.44535484722222224 0.46668606481481484 0.43772772685185185 0.4581288587962963 0.44278140046296294 0.41822629629629626 0.4455716597222222 0.41348265046296295 0.44144807175925926 0.3780137060185185 0.44392830092592594 0.37389011574074077 0.44867194907407404 0.351722025462963 0.4502220925925926 0.3469783796296296 0.4460985023148148 0.3203766712962963 0.4479586759259259 0.31563302546296296 0.44383508564814816 0.30295222916666664 0.45363240972222224 0.307695875 0.45775599768518516 0.2994486967592593 0.4672432916666666 0.3041923425925926 0.47136687962962964 0.30481240046296293 0.48023411574074076 0.31429969444444444 0.4884812939814815 0.32316693055555556 0.48786123842592594 0.34152146064814815 0.4954883587962963 0.38585764120370375 0.49238807175925925 0.39060128703703706 0.49651165972222217 0.3994685231481481 0.4958916018518518 0.4035921134259259 0.4911479560185185 0.44792829166666664 0.48804766898148144 0.45205188194444446 0.48330402083333335 0.47865359027777776 0.48144384953703706
0 0.08344153009259259 0.5001691736111111 0.1247381875 0.8358840254629629 0.16237733333333335 0.8644391226851852 0.25104969444444447 0.8582385462962963 0.2855885509259259 0.842457462962963 0.30146285185185184 0.8146156388888889 0.256755875 0.4301309884259259 0.23024738194444444 0.36961047916666667 0.22745712499999998 0.3297079189814815 0.2176598009259259 0.3170271226851852 0.18600441898148148 0.31033008796296296 0.09351849768518518 0.32570792824074074 0.08558134722222223 0.339628837962963 0.08344153009259259 0.5001691736111111
1 0.09345566666666666 0.5796642685185185 0.1247381875 0.8358840254629629 0.14402280555555555 0.856812 0.18042183564814815 0.867632625 0.22475801388888889 0.864532337962963 0.27703134490740744 0.847511138888889 0.30146285185185184 0.8146156388888889 0.2788611342592593 0.6825371851851852 0.257685962962963 0.4434318425925926 0.25263228703703705 0.4348746342592592 0.18674807407407407 0.44839230324074075 0.09302203935185185 0.4460356712962963 0.08920847916666667 0.4552129351851852 0.09345566666666666 0.5796642685185185
2 0.14467531018518517 0.4201472361111111 0.12694083796296296 0.42138734953703705 0.11838363194444444 0.426441025462963 0.11363998379629629 0.4223174375 0.09147189583333333 0.4238675810185185 0.08322471527777778 0.433354875 0.08415480324074075 0.4466557291666667 0.08889844907407408 0.4507793171296296 0.1288010115740741 0.44798905787037036 0.1335446574074074 0.45211264814814817 0.22221701851851852 0.4459120717592593 0.22634060648148147 0.4411684259259259 0.25737593287037036 0.438998224537037 0.2564458472222222 0.42569737037037036 0.24664852546296295 0.41301657407407405 0.21117958101851853 0.41549680324074073 0.20705599074074074 0.42024045138888894 0.14941895833333335 0.42427082407407407 0.14467531018518517 0.4201472361111111