0 0.7412348425925926 0.7781390046296296 0.6574198356481481 0.7678478148148149 0.6242958703703704 0.7458694189814815 0.28957747916666665 0.7002933472222223 0.24438103472222222 0.7036995625000001 0.2240275625 0.7235895787037037 0.2097885138888889 0.7666194583333333 0.2055335648148148 0.8377421597222222 0.2166009490740741 0.857012349537037 0.2463968796296296 0.8696264722222222 0.4178965694444444 0.8951618078703704 0.6164058009259259 0.919535675925926 0.6538628958333333 0.9062235439814814 0.7288552731481481 0.915431449074074 0.7398444699074075 0.8988694675925926 0.7489741921296296 0.7880449189814814 0.7412348425925926 0.7781390046296296
1 0.2055335648148148 0.8377421597222222 0.2166009490740741 0.857012349537037 0.2463968796296296 0.8696264722222222 0.6119944837962963 0.9189940347222222 0.6213587592592593 0.9156660023148149 0.6206607476851852 0.848412974537037 0.6369881782407408 0.7519056597222222 0.25815662500000003 0.7009131712962963 0.2240275625 0.7235895787037037 0.2097885138888889 0.7666194583333333 0.2055335648148148 0.8377421597222222
2 0.6156296064814816 0.8164504791666667 0.6085882662037037 0.8737975902777778 0.623525324074074 0.8980207361111111 0.612536125 0.9145827175925926 0.6328895972222222 0.8946927037037037 0.6485972037037037 0.7667645324074074 0.6156296064814816 0.8164504791666667
0 0.31286806481481483 0.5106067476851851 0.28647835185185183 0.5431890694444445 0.2751038796296296 0.6358267106481482 0.2856296203703704 0.6595082175925926 0.3242481828703703 0.6732056226851852 0.6677892083333333 0.7198649791666667 0.7096576203703704 0.7070944884259259 0.7708744050925925 0.7190887847222223 0.7834885300925926 0.6892928541666667 0.7921547939814815 0.6187117939814816 0.7865820092592593 0.591160613425926 0.7077199606481481 0.57699975 0.6872883032407407 0.5610575949074074 0.31286806481481483 0.5106067476851851
1 0.6553258055555555 0.5660887361111111 0.6475864560185185 0.5561828217592593 0.31286806481481483 0.5106067476851851 0.28647835185185183 0.5431890694444445 0.2734007708333333 0.6132284884259259 0.27789027083333334 0.649602300925926 0.2939106111111111 0.6650028171296297 0.3242481828703703 0.6732056226851852 0.6633778912037037 0.719323337962963 0.6731274398148147 0.6399196458333334 0.6968089444444444 0.6293939027777777 0.6984338703703704 0.6161599560185186 0.6868248449074074 0.6013010810185185 0.6939443703703704 0.5797861412037038 0.6823353449074074 0.5649272685185185 0.6553258055555555 0.5660887361111111
2 0.7056315763888888 0.6304771875 0.7099647106481481 0.5951866574074074 0.7149176666666667 0.5913169814814815 0.7160009513888889 0.582494349537037 0.712131275462963 0.5775413912037037 0.6994389675925925 0.5715051504629629 0.6895330532407408 0.5792444999999999 0.6785438541666666 0.5958064837962963 0.6763772893518519 0.6134517476851852 0.6714243310185185 0.6173214212962963 0.6703410486111111 0.6261440555555556 0.6742107222222222 0.6310970115740742 0.6671693819444444 0.6884441226851853 0.6710390578703703 0.6933970810185185 0.6677892083333333 0.7198649791666667 0.6766118402777778 0.7209482615740741 0.691470712962963 0.7093392384259259 0.7006786203703704 0.6343468611111112 0.7056315763888888 0.6304771875
0 0.3895579027777778 0.2871763611111111 0.12766532175925926 0.2684534606481482 0.1051452824074074 0.3059887407407408 0.10096851851851853 0.4129436134259259 0.11482229166666667 0.4459893912037037 0.15398249768518518 0.4552754814814815 0.5338973333333333 0.497445337962963 0.585671662037037 0.4769354953703704 0.6694866689814815 0.4872266851851852 0.6821007939814815 0.4574307546296296 0.6901472314814815 0.35542884027777777 0.6873608402777778 0.34165324999999996 0.6575649097222223 0.3290391273148148 0.3895579027777778 0.2871763611111111
1 0.383521662037037 0.29986866898148146 0.3537257314814815 0.2872545462962963 0.21697492824074074 0.2704636574074074 0.12766532175925926 0.2684534606481482 0.1051452824074074 0.3059887407407408 0.10375490972222223 0.4267192037037037 0.11482229166666667 0.4459893912037037 0.18045039351851852 0.4585253310185185 0.534438974537037 0.49303402083333336 0.5353658912037037 0.4125470462962963 0.5516933194444444 0.31603972916666667 0.3978388935185185 0.2926709606481481 0.383521662037037 0.29986866898148146
2 0.5222883101851852 0.482586462962963 0.5294860185185185 0.49690369444444443 0.5564955555555555 0.49574222916666666 0.5674847546296297 0.4791802476851852 0.5641567222222222 0.4698159722222222 0.5690314953703703 0.4301141273148148 0.5739844537037038 0.42624445138888895 0.5783175856481482 0.39095392129629625 0.574447912037037 0.3860009652777778 0.5771561180555556 0.36394438425925923 0.5821090763888889 0.3600747083333334 0.585358925925926 0.3336068101851852 0.5903118842592593 0.32973713657407405 0.583114175925926 0.3154199050925926 0.5781612175925926 0.3192895787037037 0.5704218680555555 0.30938366435185183 0.5654689097222222 0.313253337962963 0.5566462777777778 0.31217005555555555 0.5467403634259259 0.3199094050925926 0.5456570787037037 0.328732037037037 0.5346678819444445 0.3452940185185185 0.5292514652777778 0.38940718055555557 0.5242985069444445 0.3932768564814815 0.5232152245370371 0.4020994884259259 0.527084900462963 0.4070524467592592 0.5216684837962963 0.4511656087962963 0.5255381597222223 0.4561185671296296 0.5222883101851852 0.482586462962963
0 0.5793170393518519 0.09106260185185186 0.2418904375 0.06754311111111111 0.2066780925925926 0.09904215046296296 0.1958452615740741 0.18726847453703702 0.2047460787037037 0.22418393055555555 0.22904740972222223 0.24507904398148148 0.614998488425926 0.2745565925925926 0.6794651226851852 0.26008299074074076 0.7191669699074075 0.2649577662037037 0.7334842013888889 0.2577600578703704 0.7460983240740741 0.2279641273148148 0.7486501643518518 0.13424320370370368 0.7364994976851852 0.12379564583333334 0.5793170393518519 0.09106260185185186
1 0.4993717037037037 0.08572437037037037 0.2418904375 0.06754311111111111 0.21766729166666665 0.08248016898148149 0.20010021064814815 0.11614577314814814 0.19468379629629629 0.1602589351851852 0.2014180462962963 0.2148196550925926 0.22904740972222223 0.24507904398148148 0.3630118217592593 0.24809434027777777 0.6017645393518519 0.2729316666666667 0.6111288125000001 0.26960363425925926 0.6104308032407407 0.20235060648148148 0.6306279074074075 0.11079625 0.6223469166666666 0.10530165046296297 0.4993717037037037 0.08572437037037037
2 0.6461847916666668 0.16644025231481482 0.6483513564814815 0.1487949861111111 0.6450233240740741 0.13943071296296297 0.6499762824074075 0.13556103935185185 0.652684488425926 0.11350445601851852 0.6449451412037037 0.10359854166666667 0.6317111921296296 0.10197361805555555 0.6267582337962962 0.10584329166666667 0.6218834606481481 0.1455451388888889 0.6169305023148148 0.14941481250000002 0.6060976712962963 0.23764113657407407 0.6099673472222222 0.24259409490740744 0.6061758564814815 0.2734733078703704 0.6194098032407408 0.27509823379629633 0.633727037037037 0.267900525462963 0.6380601689814815 0.23260999537037036 0.6341904930555556 0.22765703703703705 0.6412318333333333 0.17030992592592592 0.6461847916666668 0.16644025231481482