0 0.8 0.7555555555555555 0.8711111111111111 0.7511111111111112 0.8888888888888888 0.7377777777777779 0.8977777777777777 0.7066666666666666 0.9022222222222221 0.5333333333333333 0.9022222222222221 0.3333333333333333 0.8844444444444444 0.29777777777777775 0.8844444444444444 0.2222222222222222 0.8666666666666666 0.21333333333333332 0.7555555555555555 0.21777777777777776 0.7466666666666667 0.22666666666666668 0.7466666666666667 0.3111111111111111 0.7288888888888889 0.3466666666666666 0.7244444444444444 0.6844444444444444 0.7333333333333334 0.7288888888888889 0.7555555555555555 0.7466666666666667 0.8 0.7555555555555555
1 0.8711111111111111 0.7511111111111112 0.8888888888888888 0.7377777777777779 0.8977777777777777 0.7066666666666666 0.9022222222222221 0.33777777777777773 0.8977777777777777 0.3288888888888889 0.8311111111111111 0.33777777777777773 0.7333333333333334 0.3333333333333333 0.7288888888888889 0.7155555555555556 0.7555555555555555 0.7466666666666667 0.8 0.7555555555555555 0.8711111111111111 0.7511111111111112
2 0.88 0.3288888888888889 0.8977777777777777 0.33777777777777773 0.8755555555555555 0.32 0.7466666666666667 0.32 0.8 0.3466666666666666 0.8577777777777778 0.3466666666666666 0.88 0.3288888888888889
0 0.6844444444444444 0.6933333333333332 0.6933333333333332 0.6533333333333333 0.6977777777777777 0.30666666666666664 0.6799999999999999 0.26666666666666666 0.6844444444444444 0.20444444444444443 0.6533333333333333 0.19555555555555557 0.5822222222222222 0.19555555555555557 0.5555555555555556 0.20444444444444443 0.5511111111111111 0.28444444444444444 0.5377777777777778 0.30666666666666664 0.5333333333333333 0.6844444444444444 0.5688888888888889 0.7066666666666666 0.6622222222222222 0.7066666666666666 0.6844444444444444 0.6933333333333332
1 0.6755555555555555 0.7022222222222223 0.688888888888889 0.6844444444444444 0.6933333333333332 0.6533333333333333 0.6977777777777777 0.3111111111111111 0.6177777777777778 0.3111111111111111 0.6044444444444445 0.28888888888888886 0.5911111111111111 0.28888888888888886 0.5777777777777777 0.3022222222222222 0.5555555555555556 0.29777777777777775 0.5422222222222223 0.3111111111111111 0.5466666666666666 0.33777777777777773 0.5377777777777778 0.3466666666666666 0.5333333333333333 0.6844444444444444 0.5688888888888889 0.7066666666666666 0.64 0.7111111111111111 0.6755555555555555 0.7022222222222223
2 0.5911111111111111 0.3111111111111111 0.5955555555555555 0.31555555555555553 0.6044444444444445 0.31555555555555553 0.6088888888888889 0.3111111111111111 0.6666666666666666 0.3111111111111111 0.6711111111111111 0.30666666666666664 0.6977777777777777 0.30666666666666664 0.6977777777777777 0.29777777777777775 0.6844444444444444 0.28444444444444444 0.6088888888888889 0.28444444444444444 0.6044444444444445 0.27999999999999997 0.5688888888888889 0.27999999999999997 0.5644444444444444 0.27555555555555555 0.5555555555555556 0.27555555555555555 0.5511111111111111 0.27999999999999997 0.5466666666666666 0.29333333333333333 0.5555555555555556 0.3022222222222222 0.5733333333333334 0.3111111111111111 0.5911111111111111 0.3111111111111111
0 0.46222222222222226 0.9066666666666667 0.49333333333333335 0.8888888888888888 0.49777777777777776 0.8488888888888889 0.49333333333333335 0.4666666666666667 0.4666666666666667 0.41777777777777775 0.4666666666666667 0.3333333333333333 0.43555555555555553 0.3244444444444444 0.3333333333333333 0.3288888888888889 0.32 0.3333333333333333 0.3111111111111111 0.36444444444444446 0.3022222222222222 0.6355555555555555 0.31555555555555553 0.8977777777777777 0.35555555555555557 0.9155555555555556 0.46222222222222226 0.9066666666666667
1 0.30666666666666664 0.8088888888888889 0.31555555555555553 0.8977777777777777 0.35555555555555557 0.9155555555555556 0.47555555555555556 0.9022222222222221 0.49333333333333335 0.8888888888888888 0.49777777777777776 0.8222222222222222 0.4888888888888889 0.4666666666666667 0.40888888888888886 0.47555555555555556 0.3111111111111111 0.47111111111111115 0.30666666666666664 0.6266666666666667 0.31555555555555553 0.64 0.30666666666666664 0.6711111111111111 0.30666666666666664 0.8088888888888889
2 0.30666666666666664 0.4666666666666667 0.31555555555555553 0.47555555555555556 0.3244444444444444 0.47555555555555556 0.3422222222222222 0.48444444444444446 0.38666666666666666 0.48444444444444446 0.39111111111111113 0.4888888888888889 0.4 0.4888888888888889 0.40444444444444444 0.48444444444444446 0.44888888888888884 0.48444444444444446 0.45333333333333337 0.48000000000000004 0.48000000000000004 0.48000000000000004 0.49333333333333335 0.47111111111111115 0.4888888888888889 0.4444444444444444 0.47111111111111115 0.43555555555555553 0.46222222222222226 0.44 0.4222222222222222 0.44 0.41777777777777775 0.43555555555555553 0.38222222222222224 0.43555555555555553 0.37777777777777777 0.44 0.35555555555555557 0.44 0.35111111111111115 0.43555555555555553 0.3244444444444444 0.43555555555555553 0.32 0.4311111111111111 0.30666666666666664 0.44 0.3111111111111111 0.4444444444444444 0.3022222222222222 0.45333333333333337 0.30666666666666664 0.4577777777777778 0.30666666666666664 0.4666666666666667
0 0.22666666666666668 0.84 0.26222222222222225 0.8266666666666667 0.27999999999999997 0.8 0.26222222222222225 0.41333333333333333 0.24000000000000002 0.35111111111111115 0.24000000000000002 0.3111111111111111 0.23111111111111113 0.29777777777777775 0.2 0.28888888888888886 0.10666666666666666 0.29777777777777775 0.09777777777777778 0.3111111111111111 0.08444444444444443 0.47111111111111115 0.10222222222222221 0.8088888888888889 0.13777777777777778 0.84 0.22666666666666668 0.84
1 0.15555555555555556 0.8444444444444444 0.2 0.8444444444444444 0.25333333333333335 0.8311111111111111 0.27999999999999997 0.8 0.26666666666666666 0.6666666666666666 0.26222222222222225 0.42666666666666664 0.2577777777777778 0.41777777777777775 0.19111111111111112 0.42666666666666664 0.09777777777777778 0.41777777777777775 0.09333333333333334 0.42666666666666664 0.08888888888888889 0.5511111111111111 0.10222222222222221 0.8088888888888889 0.12000000000000001 0.8311111111111111 0.15555555555555556 0.8444444444444444
2 0.13333333333333333 0.4222222222222222 0.13777777777777778 0.42666666666666664 0.22666666666666668 0.42666666666666664 0.23111111111111113 0.4222222222222222 0.26222222222222225 0.4222222222222222 0.26222222222222225 0.40888888888888886 0.25333333333333335 0.39555555555555555 0.21777777777777776 0.39555555555555555 0.21333333333333332 0.4 0.15555555555555556 0.4 0.1511111111111111 0.39555555555555555 0.13333333333333333 0.39555555555555555 0.12444444444444444 0.4 0.12000000000000001 0.39555555555555555 0.09777777777777778 0.39555555555555555 0.08888888888888889 0.40444444444444444 0.08888888888888889 0.41777777777777775 0.09333333333333334 0.4222222222222222 0.13333333333333333 0.4222222222222222