0 0.33537441435185184 0.5238924837962963 0.34600177083333333 0.5324944189814814 0.3635204537037037 0.5366645787037038 0.41533187962962964 0.5349669143518518 0.45742443981481484 0.522584386574074 0.48877895601851856 0.5189058564814815 0.5254737430555556 0.5200357291666667 0.5768021712962963 0.5285399212962963 0.6153671342592593 0.5265188171296297 0.7285579166666666 0.4920924074074074 0.7504063148148148 0.4817884861111111 0.7836841921296297 0.4759738472222222 0.7955966666666667 0.47026126851851857 0.8099111851851852 0.4715463842592592 0.8184556203703705 0.47923982870370374 0.852961113425926 0.4774314722222222 0.8679713773148149 0.47257419907407405 0.8772158726851852 0.4547895833333333 0.875996886574074 0.41211196527777777 0.8688971319444444 0.39314860416666664 0.8533549976851852 0.38785720601851853 0.8138815439814815 0.39196123148148143 0.8041583657407407 0.40061203935185186 0.7888821666666667 0.4003949768518518 0.589710849537037 0.36707394675925925 0.5014130694444444 0.3910368773148148 0.4414827060185185 0.3931600416666666 0.4064453425925926 0.3848197222222222 0.34074489583333334 0.3933512106481481 0.3254111944444445 0.41145494907407404 0.3193176759259259 0.4311097384259259 0.3162155717592593 0.44959009953703705 0.3177048055555556 0.47800638657407407 0.3229343865740741 0.5001207199074075 0.33537441435185184 0.5238924837962963
1 0.49588302777777776 0.5185335486111111 0.5285183472222222 0.5198761666666667 0.5768021712962963 0.5285399212962963 0.6143522638888889 0.5265720046296296 0.7295195949074075 0.4910243518518519 0.7383342824074075 0.48445646527777775 0.7378110416666667 0.4356364560185185 0.7334367662037037 0.41042433101851855 0.7361090601851852 0.4031606990740741 0.7283667453703703 0.39135459722222227 0.606108287037037 0.36926755787037036 0.5735793449074075 0.36995467361111106 0.5014130694444444 0.3910368773148148 0.4414827060185185 0.3931600416666666 0.4064453425925926 0.3848197222222222 0.3397832152777778 0.39441926388888887 0.3254111944444445 0.41145494907407404 0.3169645023148148 0.4444625740740741 0.3189324212962963 0.4820126689814815 0.3275789143518519 0.5110715162037037 0.34178274305555556 0.5296625648148149 0.3665650555555555 0.5365050185185185 0.4233976296296297 0.5335265486111112 0.45437983796296294 0.5227439490740741 0.49588302777777776 0.5185335486111111
2 0.7204476064814814 0.4538465671296296 0.7264793078703704 0.47184824537037034 0.7318727662037037 0.4776715138888889 0.7322982638888889 0.4857904537037037 0.737372599537037 0.4855245185185185 0.7400980810185186 0.4792757546296296 0.7404790208333333 0.4477084907407407 0.7395748425925925 0.43045574305555556 0.7304496689814814 0.3922630902777777 0.7222775393518518 0.3916737199074074 0.7182137546296297 0.4112221342592593 0.7204476064814814 0.4538465671296296
0 0.5647790069444445 0.5515584351851852 0.5515325439814814 0.551235 0.5451242175925926 0.5454649166666666 0.5363095324074074 0.5520328032407408 0.5221545740740741 0.5537922893518519 0.505703949074074 0.5505838101851852 0.5007891736111111 0.5538943472222222 0.4815066921296296 0.5549049004629629 0.47413668518518515 0.5502028703703703 0.46836660416666664 0.5566111967592593 0.4400566898148148 0.5601301666666667 0.4228039421296297 0.5610343449074074 0.4154871226851852 0.5573471828703703 0.39524296296296296 0.5594257893518518 0.39235791898148153 0.5626299537037037 0.3800731388888889 0.5612384606481482 0.3793773912037037 0.5673808518518518 0.3743562407407407 0.5686616550925926 0.3628203912037037 0.5621426388888889 0.34962711574074073 0.5628340694444445 0.3367486458333333 0.5889503726851851 0.33556558564814815 0.6246302916666666 0.34688005787037035 0.6657611736111112 0.35985627314814816 0.6803459398148148 0.3733154837962963 0.6847288472222223 0.41609947453703705 0.6855395972222221 0.4795042523148148 0.6720401481481482 0.5139565578703704 0.6692169236111112 0.5496896643518518 0.6714148495370371 0.5776229537037038 0.6801274768518518 0.6467403125 0.6785404976851852 0.8164445486111112 0.635046412037037 0.8296378263888889 0.6343549814814815 0.8390907523148149 0.6399655023148149 0.8605625300925926 0.6418931805555554 0.877815275462963 0.6409890023148148 0.8887660694444444 0.6363444768518519 0.8946468425925926 0.6126302175925926 0.8929448587962964 0.5801544606481481 0.8891556412037036 0.5661058773148148 0.8733475717592593 0.5557401388888888 0.8337145578703704 0.5567995625 0.8268232314814815 0.5612313425925927 0.8034812824074073 0.5624546412037037 0.6966585856481481 0.5436292662037038 0.6600701689814814 0.5445291273148148 0.6455960925925927 0.5401994074074074 0.642711050925926 0.5434035740740741 0.6374771527777777 0.5406249027777777 0.6335240555555556 0.5428673865740741 0.6302135185185185 0.5379526111111111 0.6137628935185185 0.5347441342592593 0.5712980231481481 0.5400225856481482 0.5663832476851852 0.5433331226851852 0.5647790069444445 0.5515584351851852
0 0.4726588842592592 0.9492010092592593 0.5904855648148148 0.9643967268518518 0.696891398148148 0.9364318263888889 0.7117952870370371 0.9295448171296296 0.7521240486111112 0.9223430023148148 0.8092800601851852 0.9061180694444445 0.8287221041666667 0.9081521203703703 0.8320858263888888 0.914081763888889 0.8372133518518519 0.9148306967592593 0.8411132615740741 0.9115733472222223 0.8787697268518518 0.9116351643518519 0.8917502569444444 0.9068842638888889 0.8954906041666667 0.9005823125 0.8961906643518518 0.8751042546296296 0.8910185856481482 0.8346691180555555 0.8841847638888889 0.8207800972222222 0.8736637800925926 0.8142078935185185 0.8320542175925927 0.8163885578703705 0.822707662037037 0.8128077708333333 0.8104473171296297 0.821591548611111 0.7937020023148148 0.8224691319444445 0.7555136666666667 0.8122586388888889 0.7362311828703704 0.8132691921296297 0.7052532939814815 0.804716125 0.6745413356481481 0.8012373981481481 0.6702691180555556 0.7973906736111112 0.5811778472222222 0.7867949305555556 0.4833207662037037 0.8031176041666667 0.39983570370370375 0.8024045972222221 0.35673259027777776 0.7955046412037037 0.31613789351851856 0.7976321180555556 0.3081785138888889 0.8011022175925926 0.28568755324074074 0.8185633958333334 0.2731282060185185 0.8507689027777778 0.27402375462962963 0.9066929837962964 0.2826170601851852 0.934736962962963 0.29580602314814813 0.9533812013888889 0.3331390532407407 0.9666894837962963 0.39002481250000004 0.9647258796296296 0.4270962268518519 0.9536241550925927 0.4726588842592592 0.9492010092592593
1 0.38094419444444444 0.9662194305555555 0.4260813611111111 0.9536773425925925 0.4681934699074074 0.9494350324074075 0.4961072083333333 0.9500074421296296 0.5884558310185185 0.9645030995370371 0.6607816666666666 0.9464654953703703 0.7248290023148148 0.9258087847222222 0.7510559953703704 0.921381324074074 0.7649450162037037 0.9145475 0.7654855162037038 0.8860248379629629 0.7613196712962963 0.8842078541666667 0.7636728472222223 0.8708550162037036 0.7602559328703704 0.8639105046296296 0.7638899074074075 0.8555788171296297 0.7595645023148149 0.8507172291666666 0.7629325439814815 0.8373112037037037 0.7536434907407407 0.8154096157407408 0.6599608819444444 0.7948779421296296 0.5831543958333333 0.7856736875 0.5486489050925926 0.7874820439814815 0.5417575810185186 0.7919138217592592 0.4832675810185185 0.8021027384259258 0.42429889583333336 0.8031578449074074 0.3607388726851852 0.794277025462963 0.3292247962962963 0.7949109560185185 0.3002191365740741 0.8045723148148148 0.2837110092592593 0.8196846365740741 0.2730750208333333 0.8497540370370371 0.27402375462962963 0.9066929837962964 0.2826170601851852 0.934736962962963 0.2989569976851852 0.955251375 0.3331390532407407 0.9666894837962963 0.38094419444444444 0.9662194305555555
2 0.747124474537037 0.8269454652777777 0.7420946944444444 0.8668976041666667 0.7492965092592593 0.9072263657407407 0.7549027152777777 0.9171091041666666 0.7599770532407407 0.9168431689814815 0.7684726180555556 0.9041860787037037 0.7672493171296296 0.8808441273148148 0.763030287037037 0.8780122731481482 0.7650111481481482 0.8575553634259259 0.7606943773148148 0.8140224398148148 0.7556200393518518 0.8142883750000001 0.747124474537037 0.8269454652777777
0 0.2230720601851852 0.16749288425925926 0.22882919675925925 0.2190915601851852 0.23833099768518518 0.24505261805555556 0.2516263310185185 0.2657265902777778 0.2663663449074074 0.27513064814814814 0.27352360416666666 0.2757732060185185 0.3137459907407407 0.2665416574074074 0.34125378703703707 0.2671353449074074 0.3648659861111111 0.251650712962963 0.4211666921296296 0.23852356944444444 0.5002731620370371 0.23336012037037038 0.5135239421296296 0.21434789120370368 0.5415679212962963 0.20575458333333335 0.5488315555555556 0.20842687731481482 0.5501655439814814 0.21446289583333333 0.5623971388888889 0.2148395185185185 0.5659204236111111 0.22381376388888888 0.5729713101851852 0.22242658796296297 0.6694455300925926 0.1797173611111111 0.6994660578703703 0.1700028125 0.7301291435185185 0.15313100694444445 0.7571582546296297 0.14459088657407407 0.7673601157407407 0.14507388425925927 0.777827912037037 0.1506312199074074 0.7816746342592593 0.1463590023148148 0.8049633958333333 0.14412083564814815 0.8279330393518519 0.13579346296296296 0.8344520555555556 0.12425761342592592 0.8333394444444444 0.08360972916666666 0.8277907407407407 0.055406189814814814 0.8160421412037038 0.04482770601851852 0.7957447939814815 0.04589144444444444 0.7727219652777778 0.05320394675925926 0.7613988611111111 0.05074440277777778 0.7570159537037037 0.06420361342592593 0.737786662037037 0.0662290324074074 0.5144137708333334 0.05656475694444444 0.44470272685185186 0.08565953009259258 0.4005804305555556 0.09814843055555557 0.3499434328703704 0.10283751157407407 0.30812112037037037 0.10095870601851853 0.25182041666666666 0.11408584953703703 0.23606121990740742 0.12407064814814815 0.2260146041666667 0.1459679212962963 0.2230720601851852 0.16749288425925926
1 0.2857020115740741 0.2751349606481482 0.32186493055555554 0.26611616203703703 0.3422686527777778 0.26708215740740743 0.3649191736111111 0.2526655787037037 0.4211666921296296 0.23852356944444444 0.5012880324074074 0.2333069351851852 0.5165685439814814 0.21418832870370372 0.5405530532407408 0.20580777083333335 0.5634120069444445 0.21478633101851852 0.5658672361111111 0.22279889583333332 0.573932988425926 0.22135853472222222 0.6964214560185185 0.17016237268518516 0.7072126875 0.16247324537037036 0.706259638888889 0.12486996296296296 0.6960175370370371 0.06536509490740741 0.6205982268518518 0.06321172453703704 0.6102368032407407 0.059684122685185186 0.5540999768518519 0.05652020138888889 0.5083777546296296 0.05789874768518519 0.44470272685185186 0.08565953009259258 0.40763131481481485 0.09676125462962963 0.3472794050925926 0.10297712731481481 0.30812112037037037 0.10095870601851853 0.26987528240740744 0.1090690138888889 0.24092280787037038 0.11974524305555556 0.22954220601851852 0.13560649768518518 0.22339118055555557 0.17358208796296296 0.230003625 0.22208297685185185 0.24281596064814814 0.2529588101851852 0.2505050902777778 0.26375004166666666 0.26738121296296297 0.27507746064814814 0.2857020115740741 0.2751349606481482
2 0.687792224537037 0.06376085416666667 0.685168800925926 0.09137502314814815 0.6867112222222223 0.12080617824074073 0.6954109027777777 0.1508798912037037 0.6985086921296296 0.15173519907407407 0.7042212731481482 0.16364767361111113 0.707265875 0.1634881111111111 0.7098849814814815 0.1552096111111111 0.709787238425926 0.11450854166666666 0.6999131296296297 0.08144341435185184 0.6989557638888889 0.06317579861111111 0.687792224537037 0.06376085416666667
0 0.545733763888889 0.20757157175925925 0.5355850925925926 0.2081034398148148 0.5196663333333333 0.21504363425925924 0.5175790972222222 0.2334708101851852 0.5106877708333334 0.23790258796296296 0.4193497037037037 0.24268941435185185 0.3640638680555555 0.2557633703703704 0.34338989583333335 0.2690587037037037 0.3169501550925926 0.26942669675925923 0.2959038726851852 0.27561796064814814 0.2891189259259259 0.28207947222222224 0.2875146851851852 0.29030478703703705 0.29220376851851854 0.34094178472222225 0.30619053240740746 0.3748090324074074 0.31697744907407405 0.3864555717592592 0.3284601111111111 0.39195971990740736 0.40532410185185186 0.3828431736111111 0.43320851851851855 0.3712052662037037 0.4764755092592593 0.3618141574074074 0.5150936597222222 0.3608079189814815 0.5601201342592593 0.36557176620370374 0.5935043842592592 0.3617868611111111 0.6611325069444445 0.3317835972222222 0.7820167337962963 0.28881275 0.7982014259259259 0.28694688888888886 0.8076543541666666 0.292557412037037 0.8125159444444444 0.28823200694444445 0.8539659467592593 0.2830067407407407 0.8625146967592593 0.2713645162037037 0.8627892615740741 0.23776751851851852 0.8559597546296296 0.20454282870370372 0.8443707199074074 0.19700894444444447 0.7957634560185185 0.20159165509259258 0.7881231990740741 0.21115095601851852 0.7638727569444443 0.21445717824074073 0.7333735462962963 0.21503791666666666 0.7208228310185185 0.2085720902777778 0.6832195486111111 0.20952513888888888 0.654430951388889 0.20391030324074075 0.6269231597222222 0.20331661574074075 0.5878751967592593 0.21553958101851853 0.5771371527777778 0.2242435763888889 0.5650119282407408 0.2258966851851852 0.5432742175925925 0.21889467361111112 0.5470677546296296 0.21360758796296297 0.545733763888889 0.20757157175925925
1 0.3169501550925926 0.26942669675925923 0.2959038726851852 0.27561796064814814 0.28826361805555556 0.2851772615740741 0.2878826759259259 0.31674452546296294 0.29343138194444446 0.3449480648148148 0.3039480486111111 0.3708559375 0.3127052337962963 0.38260884953703705 0.3284601111111111 0.39195971990740736 0.3891925972222222 0.38572390046296295 0.47546064120370374 0.3618673425925926 0.5773728773148148 0.36466758796296295 0.6074465925925926 0.35596790740740736 0.6960146226851852 0.3177436435185185 0.7341009027777778 0.3065887337962963 0.7389093055555556 0.3012484629629629 0.7412092893518518 0.2868807569444444 0.7394541203703704 0.2533901319444445 0.7302757569444445 0.21418261111111112 0.7177782268518519 0.20873165046296296 0.6791600787037037 0.20973788657407408 0.6667157361111111 0.20530179166666668 0.6340272291666667 0.20294430555555557 0.6128745740740741 0.20710583333333332 0.5848837824074073 0.21671400694444445 0.5761222847222223 0.22429676157407408 0.5650119282407408 0.2258966851851852 0.5485081157407408 0.22167334027777777 0.5478698726851852 0.20949493287037038 0.5406062407407407 0.20682263657407407 0.5196663333333333 0.21504363425925924 0.5174727222222222 0.23144107407407408 0.5106345856481481 0.2368877199074074 0.4152902361111111 0.24290216203703704 0.3670552824074074 0.25458893981481484 0.34338989583333335 0.2690587037037037 0.3169501550925926 0.26942669675925923
2 0.7420689120370371 0.26444730092592594 0.7375839467592592 0.2565411064814815 0.729420451388889 0.21728040046296296 0.7260567268518519 0.21135075694444444 0.7179377870370369 0.2117762523148148 0.7209162569444445 0.2686088287037037 0.7281755740740741 0.29061678935185187 0.7368795694444444 0.3013548356481482 0.7420689120370371 0.26444730092592594
1 0.5118204490740741 0.6672935625 0.546591875 0.6705595416666666 0.5712678148148148 0.675372261574074 0.5745251643518519 0.6792721689814815 0.6203537615740741 0.6799233587962964 0.6608420810185186 0.6757661481481482 0.7030410185185185 0.6654133564814815 0.7289488888888889 0.6548966875 0.749193048611111 0.6528180833333332 0.7640437523148148 0.6449162060185185 0.7611184699074074 0.5890984976851852 0.7554633912037038 0.558865224537037 0.742912673611111 0.5523993958333333 0.7245386875000001 0.551327025462963 0.6955905300925926 0.5426675856481482 0.6568128194444444 0.5406292199074074 0.6494428148148148 0.5359271921296296 0.6034014722222223 0.5312165324074074 0.5820892569444445 0.5323334583333333 0.5097102337962963 0.5493561944444445 0.45661800462962965 0.546032712962963 0.42670816666666667 0.5384413263888889 0.3597269166666667 0.5419516643518518 0.34530171296296297 0.5579724791666666 0.3350380324074074 0.595145949074074 0.33721869675925925 0.6367555138888888 0.34688005787037035 0.6657611736111112 0.35985627314814816 0.6803459398148148 0.3845853981481482 0.686173525462963 0.42720982870370366 0.683939675925926 0.47341504629629627 0.6723592685185186 0.5118204490740741 0.6672935625
2 0.7486698101851852 0.6039980717592592 0.7561418773148149 0.6300655023148147 0.766073486111111 0.6448098310185185 0.7632013912037037 0.5900069930555556 0.7554102060185185 0.5578503541666667 0.7492146249999999 0.5561397430555556 0.7486698101851852 0.6039980717592592
1 0.3808766597222222 0.7901686851851851 0.3995697708333333 0.7973302592592592 0.43028172453703706 0.8008089884259258 0.48011660185185184 0.8002325625 0.5515339467592593 0.7842778796296296 0.5648335949074075 0.7856161851851852 0.5880159861111112 0.7813482847222223 0.7153487777777777 0.8031693912037037 0.7381013587962962 0.8101182152777778 0.7583987060185186 0.8090544768518518 0.7693495 0.804409949074074 0.7721899861111111 0.761519585648148 0.7671242800925926 0.7231141828703704 0.7696901990740741 0.7138208148148147 0.766432849537037 0.7099209074074074 0.621475 0.6818999074074074 0.5900141111111111 0.6835487013888889 0.5328580995370371 0.6997736342592593 0.4791233125 0.703607412037037 0.4185015185185185 0.6925372962962962 0.39831054398148147 0.6956307708333334 0.3613498217592593 0.6894265625 0.3513607083333333 0.6930030324074075 0.3408354097222222 0.7057665 0.33078879629629626 0.7276637708333333 0.3274207546296296 0.7410697939814815 0.3272525625 0.7766965277777778 0.3369714259259259 0.7873813865740741 0.34423505787037034 0.7900536805555555 0.3808766597222222 0.7901686851851851
0 0.3275803148148148 0.7441143958333334 0.32730575 0.7777113958333333 0.3411904560185185 0.7902132407407407 0.3808766597222222 0.7901686851851851 0.40058463657407406 0.7972770717592593 0.4312965949074074 0.800755800925926 0.48310801851851853 0.7990581342592592 0.5234899675925926 0.7928711875 0.5495042106481481 0.7843842546296296 0.5890308518518519 0.7812950972222222 0.7452586180555556 0.8107607731481481 0.7735685324074074 0.8072418032407407 0.8378286157407407 0.7906445624999999 0.8449858726851852 0.7912871226851851 0.8503793310185186 0.7971103935185185 0.8583918981481482 0.794655162037037 0.8910804027777778 0.797012650462963 0.9011227037037037 0.7944510439814815 0.9077480925925926 0.7849449282407407 0.9082354050925926 0.7554074004629631 0.9012463379629629 0.7191381087962964 0.8957465069444445 0.7112851041666667 0.8843702152777778 0.7078106898148149 0.849917912037037 0.7106339143518519 0.8406245439814816 0.7080679953703704 0.8308481805555556 0.7157039351851852 0.8033935717592592 0.7161251157407407 0.6225430555555556 0.6828615879629629 0.5880375625 0.6846699444444445 0.5540107546296297 0.6956121064814815 0.5106373888888889 0.7029734814814815 0.46176419212962966 0.7024818541666668 0.4205844398148148 0.6934457916666666 0.37187080324074073 0.6959987638888889 0.34505443981481476 0.7085983541666666 0.33276534027777777 0.7265425300925926 0.3275803148148148 0.7441143958333334
2 0.7616603703703704 0.7936187175925925 0.7683878194444445 0.8054780069444445 0.7713792361111111 0.8043035763888888 0.7724027337962963 0.7655790532407407 0.7694731365740741 0.7290970138888889 0.766432849537037 0.7099209074074074 0.7613585115740741 0.7101868425925927 0.7557968611111112 0.7399903055555556 0.7576584050925925 0.7755106643518518 0.7616603703703704 0.7936187175925925