0 0.49784521296296297 0.6663363796296297 0.5080037291666667 0.6571855023148148 0.5148630717592593 0.640534861111111 0.521291400462963 0.5890957476851851 0.515646050925926 0.5455843611111111 0.5169177361111111 0.5140404236111111 0.5237740277777777 0.47797415972222224 0.5402030555555556 0.4286080185185185 0.5442397222222222 0.39020168518518517 0.527944099537037 0.27301899074074076 0.5211848796296297 0.24982769444444444 0.5206476342592593 0.21604991203703705 0.5168689074074074 0.20339045601851852 0.5203774861111111 0.18945321064814816 0.5293128541666666 0.18221749074074076 0.5329246111111111 0.14785392824074076 0.5304752615740741 0.13226862037037038 0.514355761574074 0.12035581249999999 0.4720128842592593 0.11488354166666666 0.45217234722222227 0.11892936342592593 0.4445147685185185 0.13345238888888888 0.44239325925925926 0.1730818726851852 0.4494165208333334 0.18403862731481482 0.4468124074074074 0.1990927939814815 0.3827443541666667 0.39059942361111105 0.39259944675925923 0.48155874074074073 0.3853212962962963 0.5410833981481482 0.37160261111111115 0.5743846805555556 0.3697512476851852 0.640610863425926 0.3852333796296296 0.6585878287037038 0.40369294907407405 0.6676810138888889 0.42146050925925926 0.6736358912037036 0.4497599143518518 0.6766102777777777 0.4724200694444444 0.674904525462963 0.49784521296296297 0.6663363796296297
1 0.5176613333333333 0.5069655717592593 0.5240927106481481 0.47494207870370375 0.5402030555555556 0.4286080185185185 0.5441334953703704 0.3912123796296296 0.5270396319444445 0.27190206944444445 0.5219315277777778 0.262168462962963 0.4736307199074074 0.25504812962962964 0.44804471064814816 0.25542450694444446 0.44128854629629627 0.25164883101851854 0.42841663194444446 0.25744894212962965 0.38747608333333333 0.37474702083333333 0.3830660925925926 0.4069829675925926 0.39259944675925923 0.48155874074074073 0.3853212962962963 0.5410833981481482 0.37160261111111115 0.5743846805555556 0.37065571296296296 0.6417277847222222 0.3852333796296296 0.6585878287037038 0.4165132731481481 0.6720940578703704 0.45390891203703704 0.6760244976851851 0.4839626064814815 0.6720302615740741 0.5045467384259259 0.660909587962963 0.5151817569444445 0.6375027824074074 0.5211305300925926 0.580903974537037 0.5153273657407408 0.5486164398148148 0.5176613333333333 0.5069655717592593
2 0.48890039583333333 0.2750464814814815 0.5076240092592593 0.2719051226851852 0.5142193078703704 0.267489025462963 0.5223048518518518 0.26833885185185186 0.5228359930555556 0.2632853865740741 0.5170905185185185 0.25961593981481484 0.48597149305555554 0.25430148148148146 0.4687897106481482 0.25249560416666667 0.4296397800925926 0.2555337847222222 0.4277792638888889 0.26351310185185184 0.4464512893518519 0.27058490046296296 0.48890039583333333 0.2750464814814815
0 0.5610573356481482 0.44408404629629633 0.5586656782407408 0.4571168263888889 0.551964150462963 0.4625436157407407 0.5570722569444444 0.47227722222222224 0.5565957546296296 0.48653315277777776 0.5508533356481481 0.5022793263888888 0.5533542731481481 0.5076514768518519 0.5513359375 0.5268546412037037 0.5455388773148149 0.5333983541666667 0.5509656643518519 0.5400998796296297 0.5500126643518518 0.5686117384259259 0.5482067870370371 0.5857935208333334 0.5434204166666666 0.5924434583333333 0.5423065486111112 0.6127635462962963 0.5450199421296296 0.6161143101851851 0.5417238194444445 0.6280301689814815 0.5476817476851852 0.6296782314814815 0.5481613009259259 0.6348379259259259 0.5399179421296296 0.6452119490740741 0.5385369768518519 0.6583509583333333 0.5623171064814815 0.675156363425926 0.5973726759259259 0.6819064259259259 0.6397671412037037 0.6771655416666666 0.6562022731481482 0.6666306458333333 0.6626367037037036 0.6540227777777778 0.6701303634259259 0.6118923587962962 0.6667158078703704 0.5471564189814815 0.6693168680555556 0.5126866296296296 0.6770776249999999 0.47773728703703705 0.6900527152777778 0.4515108587962963 0.6992976111111111 0.3829961921296296 0.682886599537037 0.20857732175925925 0.6842675671296297 0.1954383125 0.691287775462963 0.18697944444444445 0.6965506481481482 0.1660735787037037 0.698356525462963 0.1488917962962963 0.695482261574074 0.1373492615740741 0.6729799189814815 0.12783116435185185 0.6406377453703704 0.12443186342592592 0.6261693587962962 0.1259767476851852 0.6134583148148147 0.13996863425925926 0.6083047245370371 0.17927943287037038 0.611603900462963 0.18677919675925928 0.6091606527777778 0.21002513425925926 0.5738562986111111 0.3125877291666667 0.5690213912037037 0.3488664513888889 0.5624807337962964 0.3624850115740741 0.5651941296296296 0.36583577314814814 0.5616309074074074 0.37057055324074073 0.5632273819444444 0.3748257824074074 0.5578552337962963 0.37732672222222224 0.5521128125 0.3930728958333333 0.5506833101851852 0.4358406851851852 0.5531842476851851 0.4412128333333334 0.5610573356481482 0.44408404629629633
0 0.9393935069444445 0.5972750208333333 0.9728342916666667 0.48327611805555554 0.9618592268518519 0.3738056412037037 0.9573884907407408 0.3580078773148148 0.956584150462963 0.3170490185185186 0.9495001435185185 0.25805855324074073 0.9545505578703704 0.23917406944444444 0.9609333981481482 0.23677936111111111 0.9624752337962964 0.2318321226851852 0.9598680671296296 0.22747066666666668 0.9658198912037037 0.19028748379629631 0.9631580856481482 0.1767235625 0.9575188425925926 0.17204342129629627 0.9324639722222222 0.16736633333333334 0.8917175671296297 0.16614928703703705 0.8769304976851852 0.17072625 0.8687933657407407 0.18008958333333333 0.864438013888889 0.22152799537037038 0.8594391875 0.23019932175925925 0.8661968819444444 0.24368280787037036 0.8644441180555555 0.2603592430555556 0.8483853611111111 0.2964801435185185 0.8463670277777778 0.3156833125 0.8330732546296297 0.34494181944444446 0.8248329444444444 0.3747314699074074 0.8203652592592592 0.3783493287037037 0.7959630208333333 0.46468619675925926 0.7967765162037037 0.5638919236111112 0.7830123472222221 0.6462376087962963 0.7694545277777778 0.687730662037037 0.7652054027777778 0.7281583796296296 0.7673876597222221 0.7365626087962963 0.7811155 0.7615081990740741 0.8109597893518519 0.7789509699074074 0.8663354444444444 0.7868149027777778 0.8953784444444445 0.7827144398148148 0.9158563518518519 0.7726044560185186 0.9348409583333334 0.7378129305555555 0.941800423611111 0.6813203541666667 0.9366346273148147 0.6429686597222222 0.9393935069444445 0.5972750208333333
1 0.9418550625000001 0.6905228171296296 0.9365283981481481 0.6439793518518518 0.9389261041666667 0.6017220694444445 0.9438581388888889 0.574241537037037 0.9726218356481482 0.4852975023148148 0.9661205578703703 0.411040412037037 0.9557373773148149 0.34455018518518515 0.9554672291666667 0.3179534837962963 0.950890263888889 0.30316641203703704 0.9228033171296296 0.2981706388888889 0.9203570208333333 0.30200095601851856 0.9075366967592593 0.2975879097222222 0.9001431597222223 0.2998763935185185 0.8924825277777778 0.2949837962962963 0.887004150462963 0.29849542824074077 0.8742900555555556 0.29307168981481485 0.8512049837962963 0.29882021527777775 0.816270900462963 0.38813757407407407 0.7951647824074074 0.46255858333333333 0.7915530277777778 0.49692214351851854 0.7948522037037037 0.5044219074074074 0.795765824074074 0.5637856967592593 0.7875832083333334 0.6221934328703703 0.7688687476851852 0.6835816597222222 0.7645649837962963 0.7148069143518518 0.7695699120370371 0.7449668379629629 0.7819137361111111 0.7636358101851852 0.8099490972222222 0.7788447430555556 0.8663354444444444 0.7868149027777778 0.8953784444444445 0.7827144398148148 0.9181964212962962 0.7697848333333334 0.9348409583333334 0.7378129305555555 0.9418550625000001 0.6905228171296296
2 0.8615790092592592 0.30706357638888887 0.9002524398148148 0.3182813240740741 0.9412112986111111 0.3174769837962963 0.9518493703703704 0.3134857986111111 0.9523805092592593 0.30843233564814815 0.9412082476851852 0.2980613587962963 0.9179623078703704 0.2956181134259259 0.9145053171296297 0.2993422013888889 0.8946101412037037 0.29418556018518516 0.8509378888888889 0.2916391365740741 0.8504067476851852 0.2966926018518518 0.8615790092592592 0.30706357638888887
0 0.12826552314814815 0.7215029259259259 0.18012955092592595 0.7238884791666668 0.20725739351851852 0.7185648657407407 0.22975668287037035 0.7086673425925926 0.24135080555555555 0.6955799189814814 0.2431050949074074 0.6886112962962962 0.24027937037037037 0.6474399814814815 0.24516891666666665 0.6203637268518519 0.2335686875 0.5946199027777778 0.2294105324074074 0.5369588125 0.23668563194444445 0.4580185347222222 0.21998035185185186 0.44195672453703705 0.2158798888888889 0.412913724537037 0.2196555625 0.40615755787037033 0.2258259513888889 0.4057842337962963 0.22811137962962963 0.3937621458333333 0.23752630092592592 0.39168612037037037 0.23725920601851852 0.3845050393518519 0.21016769212962963 0.28253738194444444 0.20526899074074073 0.2513667662037037 0.19340166898148148 0.21844186342592592 0.18919497685185185 0.19040955555555555 0.19126794907407407 0.1804088541666667 0.19839439120370372 0.1709392916666667 0.1947765300925926 0.1664716087962963 0.19620908333333334 0.14311944212962963 0.19157747916666668 0.1191299074074074 0.18120345370370372 0.1108865462962963 0.14088196296296296 0.10562672916666667 0.11215764583333333 0.10669511342592593 0.09987151388888889 0.11664422685185186 0.09774695138888889 0.13685808564814814 0.10136786342592592 0.16074139351851852 0.09716727546296297 0.17154033333333332 0.10977514351851853 0.1779747638888889 0.1087675 0.1972841574074074 0.06427899074074074 0.41639513194444444 0.08211034953703704 0.48979934259259256 0.08754324305555555 0.5353321134259259 0.08425322222222223 0.5860792199074074 0.07585509722222222 0.6270927199074074 0.08001325231481482 0.6847538078703704 0.08740984027777778 0.7018809490740742 0.10746588425925925 0.7152293611111111 0.12826552314814815 0.7215029259259259
1 0.24437983333333332 0.6764829814814816 0.24112919444444444 0.6393544375 0.2452751435185185 0.6193530347222223 0.23457937962962963 0.5947261296296297 0.2294105324074074 0.5369588125 0.2367918611111111 0.4570078402777778 0.22029903703703704 0.4389246458333333 0.2157736597222222 0.41392441898148147 0.2282176087962963 0.39275145370370373 0.23651560879629632 0.3915798912037037 0.23635474074074075 0.3833881203703704 0.20495030555555557 0.2543988449074074 0.19904396527777776 0.24253762731481482 0.16175455324074073 0.23759649305555555 0.10138006944444446 0.23840388425925926 0.08745503240740742 0.3125577986111111 0.08234997916666666 0.32223981481481484 0.07044327546296297 0.3771905601851852 0.06465231712962963 0.4225655162037037 0.08211034953703704 0.48979934259259256 0.08727614814814816 0.5281510347222222 0.083974375 0.5887322893518518 0.07585509722222222 0.6270927199074074 0.07788258564814815 0.6661364212962964 0.08389820833333334 0.6964025717592592 0.09778386574074073 0.7101243078703704 0.13432968055555555 0.7221402939814815 0.18326785648148147 0.7231964699074075 0.215767849537037 0.7153719189814814 0.22762906712962963 0.7094655763888889 0.2414570347222222 0.6945692268518519 0.24437983333333332 0.6764829814814816
2 0.0985088587962963 0.2462769722222222 0.1253726574074074 0.2531879050925926 0.1546827523148148 0.25626852083333335 0.18574714120370373 0.25238051157407404 0.1870765162037037 0.24945466203703703 0.19973597453703704 0.24567593287037037 0.2000546574074074 0.24264385416666667 0.19228779861111112 0.2387619513888889 0.15207253472222224 0.23249143981481482 0.1178698425925926 0.2370714560185185 0.09967736805555555 0.23515934953703702 0.0985088587962963 0.2462769722222222
0 0.2183261875 0.4090834097222222 0.2172639050925926 0.41919033796296296 0.22162841435185185 0.43599879629629634 0.2395022037037037 0.4409429791666667 0.24280137962962964 0.4484427453703703 0.23324084953703703 0.5394051134259259 0.23750523148148148 0.5960555069444444 0.24740275694444444 0.6185547962962963 0.24363013425925925 0.644726587962963 0.24645280787037038 0.6664822800925926 0.25177336805555556 0.6741944976851852 0.25964645601851855 0.6770657083333333 0.31039356250000005 0.6803557291666666 0.34603186111111106 0.6718391712962963 0.3592224583333333 0.6630069768518518 0.366455125 0.6525267245370371 0.3694749953703704 0.5751829166666667 0.36234245370370366 0.5458212314814814 0.35983541203703706 0.5016178356481481 0.36488277314814815 0.46331772916666664 0.3766316620370371 0.41959083564814814 0.37811580324074073 0.3860255115740741 0.35906129629629624 0.3145364583333333 0.33552995138888886 0.18841839583333334 0.3362189074074074 0.1721410787037037 0.3432391203703704 0.16368221064814814 0.3397274861111111 0.15820383333333332 0.3410507615740741 0.1164467361111111 0.33088919212962964 0.10618199074074075 0.2977487800925926 0.1006550787037037 0.2638647708333333 0.1022030162037037 0.2546107175925926 0.11247081249999999 0.2515331550925926 0.16119653240740742 0.25977956481481485 0.17023812962962964 0.25925147685185185 0.1947072152777778 0.25505393981481483 0.22492177777777778 0.24670435185185186 0.23630649537037038 0.2417632175925926 0.2735959097222222 0.2317139814814815 0.3011517152777778 0.2268244351851852 0.32822796990740744 0.2327884699074074 0.3687072777777778 0.23970550462962964 0.38067472453703705 0.23944145833333333 0.3929092708333333 0.229125125 0.4132839976851852 0.22449657175925924 0.40871008333333336 0.2183261875 0.4090834097222222
1 0.24363013425925925 0.644726587962963 0.24645280787037038 0.6664822800925926 0.2546992175925926 0.6755238773148149 0.28581824537037037 0.6808383356481481 0.31454256018518517 0.6797699490740741 0.34177663425925925 0.6734356435185185 0.3547547731481482 0.6666248356481481 0.366455125 0.6525267245370371 0.36979673148148146 0.5915664583333333 0.3597291851851852 0.5026285300925926 0.37843753935185187 0.40240905787037035 0.37454953009259256 0.3713446689814815 0.3506509652777777 0.2778874652777778 0.3455913981481481 0.2385250787037037 0.34106907175925927 0.23294047453703703 0.32723805324074073 0.22842120138888888 0.2938851851851852 0.22491567361111112 0.2537245625 0.22784762962962965 0.24638566898148148 0.2393385763888889 0.24133830555555558 0.2776386805555556 0.23501010416666668 0.2892358564814815 0.2275680324074074 0.32115312037037036 0.22836932175925925 0.3426963564814815 0.23348047685185186 0.3718455856481481 0.23959927546296297 0.38168541666666667 0.23944145833333333 0.3929092708333333 0.23268834490740742 0.40854921759259255 0.2205600300925926 0.4072744791666667 0.21678435185185185 0.4140306458333334 0.22162841435185185 0.43599879629629634 0.23748081712962962 0.44073052314814815 0.24179068518518518 0.4483365162037037 0.23281593518518517 0.5434478819444445 0.23681322222222223 0.592917199074074 0.24740275694444444 0.6185547962962963 0.24363013425925925 0.644726587962963
2 0.3052152662037037 0.2240627962962963 0.2967048078703704 0.22725574537037035 0.2566504143518519 0.22917700462962962 0.25026757175925923 0.2315717175925926 0.2494177476851852 0.23965726157407408 0.30601655324074073 0.2456060347222222 0.3288891666666667 0.24187889351851852 0.3408566157407407 0.23496186111111111 0.3052152662037037 0.2240627962962963
1 0.6670830254629629 0.5144955601851852 0.6757482453703704 0.4806631388888889 0.6843618796296297 0.457043875 0.6887233356481481 0.45443670833333333 0.6965356782407407 0.40927420833333333 0.6987634189814814 0.36863403472222217 0.6951394560185186 0.3253351018518518 0.688805150462963 0.29810103240740743 0.6899190208333332 0.27778094675925924 0.6844375902777777 0.2618769537037037 0.6288494745370371 0.2560344074074074 0.598103775462963 0.25689033564814817 0.5897541851851852 0.26827505555555553 0.5858206921296296 0.2862550717592593 0.5727393749999999 0.3134921944444444 0.5646599375 0.35147361574074076 0.558862875 0.3580173263888889 0.5470077592592593 0.4027549143518519 0.5447769675925925 0.4239794652777778 0.5502675532407407 0.4981303263888889 0.5386795347222223 0.5500489930555555 0.5265026805555556 0.5784030370370371 0.519491625 0.6451087731481481 0.533058599537037 0.661862587962963 0.5681688078703704 0.6778151180555555 0.6096072199074074 0.6821704699074075 0.6397671412037037 0.6771655416666666 0.6562022731481482 0.6666306458333333 0.665826599537037 0.643117613425926 0.6702881805555556 0.6006685092592592 0.6660784375 0.5532205787037037 0.6670830254629629 0.5144955601851852
2 0.641618212962963 0.2706606111111111 0.6685335972222222 0.26735838194444445 0.6846500462962963 0.25985556712962965 0.6300726249999999 0.25411925 0.5970930810185185 0.2567841064814815 0.5944343263888889 0.26263581018518517 0.641618212962963 0.2706606111111111
1 0.7679612314814815 0.6630491180555557 0.7779588819444444 0.6457064675925926 0.7861991898148148 0.6159168194444445 0.7934257546296296 0.5666053194444444 0.7888396342592593 0.49357137962962966 0.7922419861111111 0.4806448287037037 0.7916531527777778 0.45708020601851856 0.8331248425925927 0.33472866435185183 0.8435474050925926 0.31334324074074077 0.8456719675925926 0.29312938194444443 0.8427977037037038 0.2815868472222222 0.8008797407407408 0.2720718009259259 0.7621547222222221 0.27106721064814815 0.7533771689814814 0.26707907870370373 0.749015712962963 0.2696862453703704 0.6986632939814815 0.40847597222222226 0.6953702222222223 0.4398074537037037 0.7024542291666666 0.4987979189814815 0.6978348333333334 0.5524708773148148 0.6774176712962963 0.6106145694444445 0.6773144953703704 0.6310408865740741 0.6654047407407409 0.6665760069444444 0.667374537037037 0.6770016226851852 0.6783343449074074 0.6893939814814815 0.6983903865740742 0.7027423935185185 0.7111044837962963 0.7081661319444444 0.7462662824074074 0.7139055023148148 0.7583399583333333 0.7059777754629629 0.7621156319444444 0.6992216087962964 0.7679612314814815 0.6630491180555557
0 0.7141365625 0.7084848171296296 0.747276974537037 0.7140117314814814 0.761796949074074 0.7022536875000001 0.7679612314814815 0.6630491180555557 0.7780651087962963 0.644695775462963 0.7863054189814815 0.6149061250000001 0.7927337430555556 0.5634670115740741 0.7929400972222221 0.5226143819444444 0.7886271759259259 0.49559276620370374 0.7917593819444444 0.4560695138888889 0.8453016944444444 0.30637461805555555 0.8462546944444443 0.27786275925925924 0.8399142847222222 0.21179744212962962 0.8416685763888888 0.20482882175925926 0.848263875 0.20041272453703704 0.8470923124999999 0.19211472222222223 0.8545343842592593 0.16019746064814816 0.8535752800925926 0.14987807407407405 0.8452226388888889 0.14184716898148148 0.8161249976851851 0.1367451712962963 0.779208912037037 0.13797442361111112 0.7705922268518519 0.14217806018518517 0.7653809444444444 0.15287077314814812 0.7627798842592592 0.1873405625 0.7587917523148149 0.19611811574074076 0.7648043194444445 0.2069686412037037 0.7609254675925926 0.23415112268518518 0.6997802152777778 0.4075715092592592 0.6961684606481482 0.44193506944444444 0.7016529398148149 0.4772546828703704 0.7021385972222222 0.5212456226851852 0.6940075694444444 0.5694402013888888 0.6786408217592593 0.6086994097222223 0.6735418726851852 0.6572126736111111 0.6817913356481482 0.6856698958333333 0.697592150462963 0.7006147824074075 0.7141365625 0.7084848171296296
2 0.8309364837962963 0.2874931898148148 0.8437021689814814 0.2827037662037037 0.8430101597222222 0.27956546064814813 0.8049225092592592 0.27249671296296296 0.7684313356481481 0.26968319444444444 0.749015712962963 0.2696862453703704 0.7484845717592592 0.27473971064814817 0.7770510717592592 0.28489517824074073 0.8124253263888889 0.288613162037037 0.8309364837962963 0.2874931898148148