0 0.3719512199074074 0.40345528472222225 0.39126016203703706 0.4928861782407407 0.39024390277777776 0.5528455277777778 0.3800813009259259 0.587398375 0.38516260185185186 0.6534552847222223 0.40243902546296295 0.6697154467592592 0.4217479675925926 0.6768292685185185 0.440040650462963 0.6808943078703704 0.4684959351851852 0.6808943078703704 0.4908536574074074 0.6768292685185185 0.5152439027777778 0.6656504074074073 0.5243902430555556 0.6554878055555555 0.5294715439814814 0.6382113819444444 0.5304878055555555 0.5863821134259259 0.5203252037037037 0.5436991875 0.5182926828703703 0.5121951226851852 0.521341462962963 0.47560975694444446 0.532520324074074 0.42479674768518516 0.532520324074074 0.38617886111111116 0.5040650416666667 0.27134146296296296 0.4949186990740741 0.24898374074074073 0.4908536574074074 0.2154471550925926 0.48577235879629627 0.2032520324074074 0.4878048773148148 0.1890243912037037 0.4959349583333333 0.1808943078703704 0.4959349583333333 0.14634146296296296 0.4918699189814815 0.13109756018518517 0.4745934953703704 0.12093495833333333 0.43191056944444445 0.11991869907407408 0.41260162499999997 0.12601625925925927 0.4065040648148148 0.14126016203703703 0.40853658564814815 0.1808943078703704 0.4166666666666667 0.19105690972222222 0.41565040740740744 0.20630081249999999 0.3719512199074074 0.40345528472222225
1 0.3800813009259259 0.587398375 0.38617886111111116 0.6544715439814814 0.40243902546296295 0.6697154467592592 0.434959349537037 0.6798780486111111 0.47256097453703705 0.6798780486111111 0.5020325208333334 0.6727642268518518 0.521341462962963 0.6595528449074074 0.5294715439814814 0.6351626018518518 0.5294715439814814 0.5782520324074074 0.5203252037037037 0.5467479675925926 0.5182926828703703 0.505081300925926 0.521341462962963 0.47256097453703705 0.532520324074074 0.42479674768518516 0.532520324074074 0.3871951226851852 0.5030487800925926 0.2703252037037037 0.4969512199074074 0.2611788611111111 0.4481707314814815 0.2591463425925926 0.42276422685185183 0.2621951226851852 0.41565040740740744 0.2591463425925926 0.40345528472222225 0.266260162037037 0.375 0.3871951226851852 0.37398374074074076 0.41971544675925926 0.39126016203703706 0.4928861782407407 0.39024390277777776 0.5528455277777778 0.3800813009259259 0.587398375
2 0.48373983796296294 0.27235772453703705 0.48983739814814814 0.2672764236111111 0.49796747916666667 0.2672764236111111 0.49796747916666667 0.2621951226851852 0.4918699189814815 0.2591463425925926 0.4603658541666667 0.2571138217592593 0.44308943055555555 0.2571138217592593 0.4044715439814815 0.26422764120370373 0.40345528472222225 0.27235772453703705 0.42276422685185183 0.27743902546296295 0.4654471550925926 0.27743902546296295 0.48373983796296294 0.27235772453703705
0 0.5538617893518518 0.30589430787037036 0.5528455277777778 0.34247967592592593 0.5477642268518518 0.35670731712962966 0.5508130092592592 0.35975609722222224 0.5477642268518518 0.36483739814814814 0.5497967476851852 0.36890243981481485 0.5447154467592592 0.3719512199074074 0.5406504074074074 0.38821138194444443 0.5436991875 0.43089430787037036 0.5467479675925926 0.4359756087962963 0.5548780486111111 0.43800812962962965 0.5538617893518518 0.4512195115740741 0.5477642268518518 0.4573170740740741 0.5538617893518518 0.46646341435185185 0.5548780486111111 0.48069105787037036 0.5508130092592592 0.4969512199074074 0.5538617893518518 0.5020325208333334 0.5538617893518518 0.521341462962963 0.548780488425926 0.5284552847222223 0.5548780486111111 0.5345528449074074 0.5569105694444444 0.5630081296296297 0.5569105694444444 0.5802845532407408 0.5528455277777778 0.587398375 0.5538617893518518 0.6077235763888889 0.5569105694444444 0.6107723587962963 0.5548780486111111 0.6229674791666667 0.5609756087962963 0.6239837407407407 0.5619918703703703 0.6290650416666667 0.5548780486111111 0.6402439027777779 0.5548780486111111 0.6534552847222223 0.5802845532407408 0.6676829259259259 0.6158536574074075 0.6707317083333334 0.6575203240740741 0.6615853657407407 0.6727642268518518 0.6493902430555556 0.6778455277777778 0.6361788611111111 0.6808943078703704 0.5934959351851852 0.6707317083333334 0.5294715439814814 0.6697154467592592 0.4949186990740741 0.673780488425926 0.45934959259259256 0.6839430902777778 0.43191056944444445 0.6859756087962963 0.3628048773148148 0.6514227638888889 0.19105690972222222 0.6514227638888889 0.17784552777777776 0.6575203240740741 0.16869918750000001 0.6605691064814815 0.14735772453703705 0.6605691064814815 0.13008130092592593 0.6565040648148148 0.11890243981481481 0.6331300810185185 0.11178861805555555 0.6006097569444444 0.11178861805555555 0.5863821134259259 0.11483739814814814 0.5752032523148148 0.13008130092592593 0.5741869907407408 0.16971544675925923 0.5782520324074074 0.17682926851851852 0.5782520324074074 0.2002032523148148 0.5538617893518518 0.30589430787037036
0 0.787601625 0.6991869907407408 0.7906504074074073 0.7073170740740741 0.8069105694444445 0.7306910578703705 0.8384146342592593 0.744918699074074 0.8943089421296295 0.7469512199074074 0.9227642268518518 0.7398373981481482 0.9420731712962963 0.7276422754629629 0.9573170740740741 0.6910569097222222 0.9583333333333334 0.6341463425925925 0.9491869907407408 0.5965447152777777 0.9471544722222222 0.5508130092592592 0.9684959351851852 0.4339430902777778 0.9461382106481481 0.3262195115740741 0.9400406504629629 0.3109756087962963 0.9349593495370371 0.2703252037037037 0.9217479675925927 0.212398375 0.9247967476851853 0.19308943055555558 0.9308943078703704 0.19004065046296295 0.9319105694444445 0.18495934953703705 0.9288617893518519 0.1808943078703704 0.9308943078703704 0.14329268287037036 0.9268292685185185 0.13008130092592593 0.9207317083333334 0.12601625925925927 0.8953252037037037 0.12398374074074073 0.8546747962962963 0.12703252083333333 0.8404471550925926 0.1331300810185185 0.8333333333333334 0.14329268287037036 0.8333333333333334 0.18495934953703705 0.8292682916666666 0.1941056921296296 0.837398375 0.20680894212962964 0.837398375 0.2235772361111111 0.8252032523148147 0.2611788611111111 0.8252032523148147 0.2804878055555556 0.8150406504629629 0.3109756087962963 0.8099593495370371 0.34146341435185185 0.8058943078703704 0.3455284560185185 0.7906504074074073 0.4339430902777778 0.8018292685185185 0.532520324074074 0.7967479675925927 0.6158536574074075 0.787601625 0.6585365856481481 0.787601625 0.6991869907407408
1 0.798780488425926 0.5914634143518518 0.7865853657407407 0.6544715439814814 0.7855691064814815 0.6859756087962963 0.7936991874999999 0.7154471550925926 0.8079268287037037 0.7327235763888889 0.837398375 0.744918699074074 0.8943089421296295 0.7469512199074074 0.9227642268518518 0.7398373981481482 0.9441056921296296 0.7245934953703703 0.9573170740740741 0.6910569097222222 0.9593495925925927 0.6432926828703704 0.9491869907407408 0.597560974537037 0.9471544722222222 0.5552845532407408 0.9491869907407408 0.527439025462963 0.9684959351851852 0.4359756087962963 0.9542682916666666 0.3628048773148148 0.9369918703703703 0.29776422685185183 0.9339430902777778 0.27134146296296296 0.9278455277777778 0.2571138217592593 0.8993902430555556 0.2550813009259259 0.8973577245370371 0.2591463425925926 0.8841463425925925 0.2560975601851852 0.8770325208333333 0.2591463425925926 0.8689024398148149 0.2550813009259259 0.8638211388888889 0.2591463425925926 0.8506097569444444 0.2550813009259259 0.8282520324074073 0.26321138194444443 0.8028455277777778 0.35569105787037036 0.7896341458333334 0.43191056944444445 0.7896341458333334 0.46646341435185185 0.7936991874999999 0.4735772361111111 0.8008130092592592 0.532520324074074 0.798780488425926 0.5914634143518518
2 0.8790650416666667 0.27743902546296295 0.9197154467592592 0.27235772453703705 0.9298780486111111 0.2672764236111111 0.9298780486111111 0.2621951226851852 0.9176829259259259 0.2530487800925926 0.8943089421296295 0.2530487800925926 0.891260162037037 0.2571138217592593 0.8709349583333333 0.25406504166666666 0.8272357731481482 0.2560975601851852 0.8272357731481482 0.2611788611111111 0.8394308935185185 0.2703252037037037 0.8790650416666667 0.27743902546296295
0 0.07825203240740741 0.22052845601851853 0.07926829166666666 0.23983739814814817 0.057926828703703706 0.46239837500000003 0.08333333333333333 0.5335365856481482 0.09349593518518519 0.5782520324074074 0.09552845601851852 0.6290650416666667 0.09146341435185185 0.6707317083333334 0.1016260162037037 0.7276422754629629 0.1107723587962963 0.7439024398148149 0.13211382175925926 0.755081300925926 0.15345528472222222 0.7591463425925925 0.20528455324074077 0.7560975601851851 0.23170731712962964 0.7479674791666667 0.2530487800925926 0.7357723587962963 0.26321138194444443 0.7215447152777777 0.26422764120370373 0.7144308935185185 0.2571138217592593 0.673780488425926 0.2591463425925926 0.646341462962963 0.24491869907407407 0.6219512199074074 0.23475609722222224 0.565040650462963 0.23373983796296297 0.48577235879629627 0.2154471550925926 0.47154471527777775 0.20833333333333334 0.44308943055555555 0.21138211342592592 0.4359756087962963 0.21747967592592593 0.434959349537037 0.21849593518518517 0.42276422685185183 0.22764227546296298 0.41971544675925926 0.2266260162037037 0.41260162499999997 0.1890243912037037 0.3140243912037037 0.1808943078703704 0.28353658564814815 0.1656504074074074 0.25203252083333333 0.15853658564814813 0.22459349537037035 0.1595528449074074 0.21443089351851852 0.1656504074074074 0.20426829166666668 0.16158536574074076 0.2002032523148148 0.16056910648148148 0.17682926851851852 0.15345528472222222 0.15345528472222222 0.14227642361111112 0.14634146296296296 0.1016260162037037 0.1453252037037037 0.07317073148148148 0.14939024305555557 0.061991870370370364 0.16056910648148148 0.061991870370370364 0.1808943078703704 0.06808943055555555 0.20426829166666668 0.06504065046296297 0.2154471550925926 0.07825203240740741 0.22052845601851853
1 0.09552845601851852 0.6317327245370371 0.09146341435185185 0.6707317083333334 0.09756097453703703 0.7093495925925927 0.10670731712962962 0.7388211388888889 0.12195121990740741 0.7510162592592593 0.1595528449074074 0.7591463425925925 0.20833333333333334 0.755081300925926 0.23983739814814817 0.7439024398148149 0.25101625925925924 0.7367886180555556 0.26321138194444443 0.7205284560185186 0.26422764120370373 0.7022357731481482 0.2571138217592593 0.6656504074074073 0.2591463425925926 0.6453252037037037 0.24593495833333334 0.6219512199074074 0.23475609722222224 0.565040650462963 0.23373983796296297 0.48475609722222224 0.2154471550925926 0.4684959351851852 0.20833333333333334 0.44410569212962964 0.21849593518518517 0.4217479675925926 0.2266260162037037 0.41971544675925926 0.22560975694444443 0.4115853657407407 0.1808943078703704 0.2865853657407407 0.17378048842592594 0.2754065046296296 0.1361788611111111 0.27439024305555554 0.07621951157407407 0.2815040648148148 0.0701219513888889 0.35670731712962966 0.06605690972222222 0.3668699189814815 0.05995934953703704 0.42276422685185183 0.058943090277777783 0.4684959351851852 0.08333333333333333 0.5335365856481482 0.09247967592592593 0.5711382106481482 0.09552845601851852 0.6317327245370371
2 0.1016260162037037 0.2936991875 0.13109756018518517 0.2936991875 0.16158536574074076 0.2865853657407407 0.162601625 0.28353658564814815 0.1747967476851852 0.2784552847222222 0.1747967476851852 0.2754065046296296 0.16666666666666666 0.27235772453703705 0.12601625925925927 0.2703252037037037 0.09247967592592593 0.2784552847222222 0.07418699074074074 0.2784552847222222 0.07418699074074074 0.2896341458333333 0.1016260162037037 0.2936991875
0 0.22764227546296298 0.25203252083333333 0.22052845601851853 0.26422764120370373 0.21951219444444445 0.3018292685185185 0.212398375 0.33028455324074074 0.21036585416666667 0.3577235763888889 0.22052845601851853 0.39735772453703705 0.22865853703703706 0.40853658564814815 0.22967479629629628 0.42073170833333334 0.22154471527777778 0.44207317129629625 0.21646341435185187 0.43800812962962965 0.21036585416666667 0.4390243912037037 0.21036585416666667 0.4491869907407407 0.21646341435185187 0.4654471550925926 0.23475609722222224 0.4684959351851852 0.2388211388888889 0.47560975694444446 0.2388211388888889 0.5670731712962963 0.24898374074074073 0.6229674791666667 0.2611788611111111 0.6443089421296295 0.26016260185185186 0.6707317083333334 0.26524390277777776 0.6920731712962963 0.27134146296296296 0.6991869907407408 0.2794715439814815 0.701219511574074 0.33028455324074074 0.6991869907407408 0.36483739814814814 0.6869918703703703 0.37703252083333333 0.6768292685185185 0.3831300810185185 0.6656504074074073 0.3780487800925926 0.5884146342592592 0.3678861782407407 0.559959349537037 0.36077235879629627 0.5162601620370371 0.36178861805555557 0.47764227546296295 0.36890243981481485 0.43292682870370375 0.3668699189814815 0.39939024305555554 0.3404471550925926 0.33028455324074074 0.3038617893518519 0.20731707407407407 0.3028455277777778 0.19105690972222222 0.3089430902777778 0.18191056944444442 0.30487804861111106 0.17682926851851852 0.3018292685185185 0.13516260185185186 0.2906504074074074 0.12601625925925927 0.2571138217592593 0.12398374074074073 0.2235772361111111 0.12906504166666666 0.2154471550925926 0.1402439027777778 0.21747967592592593 0.1890243912037037 0.2266260162037037 0.19715447222222224 0.22865853703703706 0.22154471527777778 0.22764227546296298 0.25203252083333333
1 0.22967479629629628 0.42073170833333334 0.22459349537037035 0.43699187037037035 0.212398375 0.43699187037037035 0.2093495925925926 0.44410569212962964 0.21646341435185187 0.4654471550925926 0.23272357638888888 0.4684959351851852 0.2378048773148148 0.47560975694444446 0.2388211388888889 0.5711382106481482 0.24796747916666664 0.619918699074074 0.2611788611111111 0.6443089421296295 0.26016260185185186 0.6707317083333334 0.26524390277777776 0.6920731712962963 0.27439024305555554 0.7002032523148147 0.30589430787037036 0.7022357731481482 0.33434959259259256 0.6981707314814815 0.36077235879629627 0.6890243912037037 0.37296747916666667 0.6808943078703704 0.3831300810185185 0.6656504074074073 0.3800813009259259 0.6046747962962963 0.36077235879629627 0.5172764236111111 0.36890243981481485 0.41565040740740744 0.36178861805555557 0.38516260185185186 0.3282520324074074 0.29471544675925926 0.31910569212962964 0.2560975601851852 0.3140243912037037 0.25101625925925924 0.29979674768518516 0.24796747916666664 0.266260162037037 0.24796747916666664 0.2266260162037037 0.2550813009259259 0.22052845601851853 0.2672764236111111 0.21951219444444445 0.30589430787037036 0.21443089351851852 0.31808943055555555 0.21036585416666667 0.35060975694444446 0.21341463425925924 0.3719512199074074 0.22154471527777778 0.4004065046296296 0.22865853703703706 0.4095528449074074 0.22967479629629628 0.42073170833333334
2 0.3028455277777778 0.2611788611111111 0.3140243912037037 0.2530487800925926 0.27743902546296295 0.24593495833333334 0.26930894212962964 0.25 0.22967479629629628 0.2560975601851852 0.2235772361111111 0.2591463425925926 0.2235772361111111 0.2672764236111111 0.2804878055555556 0.2672764236111111 0.3028455277777778 0.2611788611111111
1 0.5345528449074074 0.5752032523148148 0.5345528449074074 0.6422764236111111 0.5497967476851852 0.6575203240740741 0.5863821134259259 0.6697154467592592 0.6280487800925926 0.6697154467592592 0.6575203240740741 0.6615853657407407 0.6727642268518518 0.6493902430555556 0.6798780486111111 0.625 0.6798780486111111 0.5823170740740741 0.6707317083333334 0.5355691064814815 0.6676829259259259 0.4969512199074074 0.6727642268518518 0.46239837500000003 0.6788617893518519 0.43800812962962965 0.6829268287037037 0.434959349537037 0.6859756087962963 0.38922764120370373 0.6839430902777778 0.3485772361111111 0.6758130092592592 0.30589430787037036 0.6666666666666666 0.2794715439814815 0.6656504074074073 0.2591463425925926 0.6585365856481481 0.24390243981481483 0.6026422754629629 0.24390243981481483 0.5721544722222222 0.24796747916666664 0.565040650462963 0.26016260185185186 0.5630081296296297 0.2784552847222222 0.5528455277777778 0.30691056944444445 0.548780488425926 0.3455284560185185 0.5436991875 0.35264227546296295 0.5365853657407408 0.39837398379629635 0.5365853657407408 0.41971544675925926 0.5497967476851852 0.4928861782407407 0.5436991875 0.5457317083333334 0.5345528449074074 0.5752032523148148
2 0.6585365856481481 0.24186991898148147 0.603658537037037 0.24186991898148147 0.5711382106481482 0.24796747916666664 0.5691056921296296 0.25406504166666666 0.6168699189814815 0.2571138217592593 0.6432926828703704 0.25101625925925924 0.6585365856481481 0.24186991898148147
1 0.6880081296296297 0.5914634143518518 0.6900406504629629 0.6117886180555556 0.6819105694444445 0.6483739837962963 0.6849593495370371 0.6585365856481481 0.6971544722222222 0.6697154467592592 0.7184959351851852 0.6808943078703704 0.7317073171296296 0.6849593495370371 0.7672764236111111 0.6869918703703703 0.7784552847222223 0.6778455277777778 0.7815040648148148 0.6707317083333334 0.7835365856481481 0.6341463425925925 0.7916666666666666 0.6158536574074075 0.7967479675925927 0.5853658541666666 0.798780488425926 0.5355691064814815 0.7865853657407407 0.4634146342592593 0.7886178865740741 0.45020325231481484 0.7855691064814815 0.4268292685185185 0.8140243912037037 0.3008130092592593 0.8221544722222222 0.2784552847222222 0.8221544722222222 0.25813008101851853 0.8180894305555555 0.24695121990740743 0.7754065046296297 0.24186991898148147 0.7367886180555556 0.24491869907407407 0.7276422754629629 0.24186991898148147 0.7235772361111111 0.24491869907407407 0.6880081296296297 0.38821138194444443 0.6880081296296297 0.41971544675925926 0.701219511574074 0.47764227546296295 0.7022357731481482 0.5315040648148148 0.6880081296296297 0.5914634143518518
0 0.7317073171296296 0.20833333333333334 0.6890243912037037 0.3871951226851852 0.6890243912037037 0.4217479675925926 0.6981707314814815 0.4563008125 0.7032520324074073 0.5 0.7002032523148147 0.548780488425926 0.6890243912037037 0.5894308935185185 0.6890243912037037 0.6382113819444444 0.7002032523148147 0.6656504074074073 0.7174796759259259 0.6788617893518519 0.7347560972222221 0.6849593495370371 0.7682926828703704 0.6869918703703703 0.7815040648148148 0.673780488425926 0.7835365856481481 0.6341463425925925 0.7916666666666666 0.6148373981481482 0.7967479675925927 0.5843495925925926 0.7977642268518518 0.532520324074074 0.7936991874999999 0.4918699189814815 0.7865853657407407 0.4654471550925926 0.7855691064814815 0.4258130092592593 0.8231707314814815 0.27134146296296296 0.8211382106481481 0.24288617824074074 0.8079268287037037 0.17784552777777776 0.8089430902777778 0.17073170833333332 0.8150406504629629 0.1656504074074074 0.8130081296296297 0.15752032407407407 0.8170731712962963 0.125 0.8150406504629629 0.11483739814814814 0.8058943078703704 0.1077235763888889 0.7764227638888889 0.10569105787037038 0.7398373981481482 0.1107723587962963 0.7317073171296296 0.11585365740740741 0.7276422754629629 0.12703252083333333 0.728658537037037 0.16158536574074076 0.7256097569444444 0.17073170833333332 0.7327235763888889 0.1808943078703704 0.7317073171296296 0.20833333333333334
2 0.7886178865740741 0.2571138217592593 0.8069105694444445 0.25406504166666666 0.8191056921296296 0.24796747916666664 0.8180894305555555 0.24491869907407407 0.7794715439814814 0.24186991898148147 0.7428861782407408 0.24288617824074074 0.7235772361111111 0.24491869907407407 0.7235772361111111 0.25 0.7530487800925926 0.2571138217592593 0.7886178865740741 0.2571138217592593