0 0.2390109884259259 0.8845360833333333 0.24587912037037038 0.8494845370370371 0.24450549537037036 0.4391752569444445 0.21703296759259258 0.3546391759259259 0.21428571527777776 0.15876288657407406 0.15109890046296298 0.15257731944444444 0.12362637268518518 0.16082474305555555 0.125 0.350515462962963 0.10714285648148147 0.38969072222222223 0.09340659259259258 0.4432989699074074 0.0920329675925926 0.872164949074074 0.10302197916666668 0.8989690717592593 0.22802197916666667 0.8969072175925925 0.2390109884259259 0.8845360833333333
0 0.32280219675925925 0.8886597939814814 0.3241758240740741 0.9113402060185185 0.34615384722222226 0.9195876296296297 0.4574175833333334 0.9154639166666667 0.4601648356481482 0.8989690717592593 0.4972527476851852 0.8515463912037037 0.49862637268518517 0.8288659791666667 0.512362636574074 0.8061855671296295 0.5178571435185185 0.7546391759259259 0.5137362638888889 0.6412371134259259 0.4807692314814815 0.5525773194444444 0.47802197916666667 0.5319587638888889 0.45054945138888886 0.47628865972222223 0.4189560439814815 0.3546391759259259 0.4175824166666666 0.3134020625 0.4395604398148148 0.2762886597222222 0.44093406481481484 0.24742268055555558 0.35714285648148153 0.22680412268518518 0.3406593402777778 0.23092783564814814 0.3406593402777778 0.24742268055555558 0.3516483518518519 0.28041237037037037 0.3406593402777778 0.39793814351851853 0.3241758240740741 0.47010309259259264 0.27060439583333334 0.6103092777777778 0.25824175925925924 0.672164949074074 0.25549450462962964 0.7257731967592592 0.2664835162037037 0.8041237106481481 0.2921245416666667 0.857044673611111 0.32280219675925925 0.8886597939814814
0 0.48705280324074074 0.7899956504629629 0.49450549537037036 0.8680412361111111 0.6098901087962963 0.8701030925925927 0.6208791203703704 0.8556701041666668 0.6140109884259259 0.7690721643518518 0.6222527476851852 0.7072164953703703 0.6208791203703704 0.6597938148148148 0.6291208796296296 0.6206185555555556 0.6291208796296296 0.5154639166666667 0.6263736273148148 0.45773195833333336 0.6195054953703704 0.43381443287037036 0.6195054953703704 0.38762886574074074 0.5906593402777778 0.3134020625 0.587912087962963 0.23092783564814814 0.5947802199074075 0.19381443287037037 0.5934065925925927 0.1463917523148148 0.5343406597222222 0.14020618518518518 0.5054945046296296 0.15051546296296295 0.5096153842592592 0.33195876388888884 0.48214285648148153 0.39793814351851853 0.475274724537037 0.4309278356481481 0.475274724537037 0.5134020625 0.48026369907407407 0.6652443402777778 0.48705280324074074 0.7405658865740741 0.48705280324074074 0.7899956504629629
0 0.6703296712962964 0.45979381481481485 0.6648351643518519 0.5092783495370371 0.6208791203703704 0.7298969074074074 0.6208791203703704 0.8206185555555556 0.6387362638888888 0.872164949074074 0.6607142847222222 0.9051546388888889 0.7568681319444445 0.9051546388888889 0.7678571435185185 0.8948453611111111 0.7898351643518519 0.8494845370370371 0.8008241759259259 0.7938144328703705 0.8008241759259259 0.7443298958333334 0.7596153842592592 0.5072164953703704 0.7307692314814815 0.37938144444444444 0.7293956041666667 0.3298969074074074 0.7348901087962963 0.29072165046296294 0.7225274722222222 0.2865979375 0.6414835162037037 0.3175257731481481 0.6414835162037037 0.33195876388888884 0.6552197800925925 0.3546391759259259 0.6703296712962964 0.4061855671296296 0.6703296712962964 0.45979381481481485
0 0.7857142847222222 0.872164949074074 0.9010989004629629 0.872164949074074 0.9093406597222222 0.8412371134259259 0.9107142847222222 0.7938144328703705 0.9093406597222222 0.4536082476851852 0.9065934074074073 0.3958762893518518 0.8804945046296296 0.32371134027777776 0.8832417592592593 0.1463917523148148 0.7967032962962962 0.1463917523148148 0.7953296712962964 0.3298969074074074 0.7829670324074074 0.3752577314814815 0.7747252754629629 0.3814432986111111 0.7637362638888888 0.4288659791666667 0.7664835162037037 0.5360824745370371 0.7767629699074073 0.7765168541666667 0.7811065648148149 0.8254598587962962 0.7857142847222222 0.872164949074074
1 0.2144485023148148 0.870188537037037 0.23047544444444445 0.8535628796296296 0.24192325925925925 0.8443900787037038 0.24077847685185183 0.45592860416666664 0.2320017962962963 0.45248881018518516 0.17705228472222223 0.4599417152777778 0.11828685879629629 0.45248881018518516 0.09524109259259259 0.43947975925925925 0.09424644675925925 0.870188537037037 0.13965610185185184 0.8730550439814815 0.2144485023148148 0.870188537037037
2 0.23963369444444443 0.45592860416666664 0.24306803935185184 0.44503593055555557 0.2064350324074074 0.4444626388888889 0.1438536203703704 0.4387296319444445 0.09753146064814816 0.4369013263888889 0.12133959722222222 0.453062125 0.18582896527777779 0.4599417152777778 0.23963369444444443 0.45592860416666664
1 0.265071 0.639813599537037 0.2555311435185185 0.7109027083333332 0.2643078240740741 0.7877247731481481 0.2929273611111111 0.8570939837962963 0.3219284675925926 0.8909186134259259 0.3776411898148148 0.9069710069444444 0.4295379282407407 0.9069710069444444 0.46311819444444446 0.8960783078703705 0.49708003472222223 0.8548007685185185 0.5150149675925926 0.803203849537037 0.515396537037037 0.7068895972222222 0.5138701851851851 0.6416276296296296 0.48486904398148145 0.551619675925926 0.4711316666666666 0.5630856689814815 0.4054975162037037 0.5682453587962963 0.3421529652777778 0.5630856689814815 0.3002289606481482 0.5443360787037037 0.2997960486111111 0.5394862638888889 0.2891114097222222 0.565284724537037 0.265071 0.639813599537037
2 0.4219060625 0.5504730694444444 0.3432977453703704 0.5453133773148148 0.30939043055555554 0.5400386875000001 0.35321917361111116 0.5573526597222223 0.4257220115740741 0.5613657708333333 0.4806715231481482 0.5527662824074073 0.4219060625 0.5504730694444444
1 0.49262730092592594 0.851000287037037 0.5101574375 0.8472378657407407 0.5681738148148148 0.8428483587962964 0.6190947152777778 0.8447295671296297 0.6174251643518518 0.48113200231481484 0.5852865925925926 0.48991099074074074 0.4768201921296296 0.4750588263888889 0.47384501157407405 0.5299404930555556 0.48511438425925923 0.705520050925926 0.49262730092592594 0.851000287037037
2 0.4993054212962963 0.4591845462962963 0.4780188287037037 0.47298010416666664 0.6094948541666667 0.48238615277777774 0.6341205462962962 0.4685905949074074 0.4993054212962963 0.4591845462962963
1 0.6236859282407408 0.8252904398148148 0.6495637361111112 0.8854891481481482 0.701736787037037 0.8923868981481482 0.7681008773148148 0.8879973888888889 0.788970111111111 0.8535085833333333 0.7989873333333334 0.7926827847222222 0.8019089953703704 0.7481608148148148 0.793561287037037 0.7136719791666666 0.7756137916666667 0.5876309328703704 0.7305362962962962 0.5882579930555556 0.6854588032407407 0.5832414236111111 0.6509305486111111 0.5794088217592592 0.635372699074074 0.6660146504629629 0.6140861041666666 0.7694811805555555 0.6236859282407408 0.8252904398148148
1 0.7864150324074074 0.8685660069444444 0.8442066898148148 0.8685660069444444 0.8995903634259259 0.8685660069444444 0.9100249583333334 0.8384183773148147 0.9088209652777778 0.6485875555555555 0.9072156643518519 0.5352326319444445 0.9108276435185186 0.4580547916666667 0.8662799074074073 0.4670990671296296 0.8016655972222223 0.4604665902777778 0.7625959560185186 0.44774800694444444 0.7679537962962962 0.5527182175925925 0.7771844305555555 0.7582257962962963 0.7864150324074074 0.8685660069444444
2 0.9052089837962962 0.4604665902777778 0.912031636574074 0.45142231250000003 0.8626679282407408 0.4496134583333333 0.7836057037037037 0.43876032407407406 0.7662092037037037 0.44955587268518515 0.804474925925926 0.4604665902777778 0.8682865486111111 0.46649612500000004 0.9052089837962962 0.4604665902777778