0 0.46625 0.42509363194444444 0.49875 0.5524344560185185 0.50375 0.6198501875 0.51375 0.6235955046296296 0.5287499999999999 0.6161048680555555 0.53625 0.5955056180555555 0.53125 0.47752809027777776 0.5337500000000001 0.4213483148148148 0.5599999999999999 0.2490636712962963 0.5750000000000001 0.18539325925925926 0.5725 0.15355805324074076 0.5499999999999999 0.05243445601851852 0.4973366967592593 0.058379206018518516 0.46375 0.06741573148148149 0.44625 0.20224719212962963 0.4425 0.31460674074074074 0.455 0.4007490648148148 0.46625 0.42509363194444444
1 0.4589755231481481 0.4927089421296297 0.47843412268518515 0.5894118865740741 0.5006724513888889 0.6260923773148148 0.5195750740740741 0.6252587037037037 0.5407015023148148 0.6060848657407407 0.5490408865740741 0.6135876805555556 0.5657196597222223 0.6019165833333333 0.5707232916666667 0.5568996805555555 0.5796186527777778 0.49687714814814815 0.5846222847222222 0.4085106527777778 0.5807305532407407 0.293467462962963 0.5773947986111111 0.1934299074074074 0.5768388726851852 0.17175509027777777 0.5651637337962963 0.12006904398148148 0.547373011574074 0.14257749537037037 0.5206869768518518 0.15925039583333334 0.47732217129629634 0.1559158240740741 0.45410000925925925 0.1391427337962963 0.4406288726851852 0.27762819675925926 0.44452060416666667 0.3184768518518518 0.4589755231481481 0.4927089421296297
2 0.5045641805555555 0.10089516666666666 0.47954602314814815 0.10089516666666666 0.4645351296296297 0.10172880092592591 0.45786362037037037 0.12423725000000001 0.460643400462963 0.13924288425925926 0.4777237152777778 0.1530336898148148 0.5190190995370371 0.15841676157407408 0.5523766435185186 0.1359083125 0.5629398819444444 0.11339986111111111 0.5557123958333333 0.09172504398148149 0.5340299930555555 0.09005775925925927 0.5045641805555555 0.10089516666666666
0 0.5812499999999999 0.8520599259259258 0.59875 0.8820224722222222 0.6337499999999999 0.887640449074074 0.67375 0.8483146064814814 0.7125 0.7715355810185186 0.7737499999999999 0.5580524351851852 0.78125 0.5 0.7875 0.49438202314814816 0.79375 0.45692883796296296 0.79375 0.41573033796296294 0.8037500000000001 0.3876404490740741 0.80875 0.3277153564814815 0.80625 0.27528089814814816 0.7825000000000001 0.1722846435185185 0.775 0.16104868981481482 0.7625 0.16479400694444446 0.7325 0.15730337037037037 0.73125 0.15168539351851854 0.64625 0.1104868912037037 0.62125 0.12359550462962964 0.5950000000000001 0.15355805324074076 0.57875 0.18539325925925926 0.5625 0.2584269652777778 0.54125 0.3988764050925926 0.5387500000000001 0.6853932592592592 0.54625 0.8052434467592592 0.56125 0.8408239699074074 0.5812499999999999 0.8520599259259258
1 0.7273631111111111 0.7100136828703704 0.7262941180555555 0.7548943541666666 0.7476733009259259 0.7629087013888888 0.7647767083333333 0.7725259768518519 0.7904317685185185 0.8013778032407407 0.8267764699074074 0.7837461805555556 0.9657413148148147 0.4984336134259259 0.9732241689814815 0.4343184652777778 0.9946032569444445 0.33654281712962963 0.9753619606481481 0.3637917523148148 0.9101554143518519 0.3589831134259259 0.8524315277777779 0.33654281712962963 0.8346169953703705 0.2843553587962963 0.7979145254629629 0.39424650694444446 0.7562250532407409 0.5433142847222222 0.7273631111111111 0.7100136828703704
0 0.78625 0.7996254675925926 0.81 0.7921348310185186 0.8137500000000001 0.7790262175925926 0.825 0.7771535578703704 0.84375 0.7528089884259259 0.96875 0.4906367037037037 0.995 0.33895131018518515 0.9987499999999999 0.20599250925925927 0.89375 0.16853932638888888 0.8725 0.2116104861111111 0.8450000000000001 0.23595505555555557 0.84375 0.2584269652777778 0.825 0.2883895138888889 0.815 0.31647940046296297 0.7887500000000001 0.5187265925925926 0.77875 0.5580524351851852 0.7587499999999999 0.6011235949074073 0.73 0.7134831458333333 0.7262500000000001 0.7453183518518519 0.7325 0.7584269652777778 0.76125 0.7659176018518518 0.78625 0.7996254675925926
1 0.4919296134259259 1 0.5013013194444444 0.9853625949074074 0.5023426527777778 0.9338362685185184 0.4960948472222222 0.7901870138888889 0.49297094444444445 0.6527835671296296 0.4877643773148148 0.5544150509259259 0.47735143055555557 0.47634483333333333 0.44611240740740743 0.39515185416666665 0.3940472986111111 0.33737993518518516 0.3836343541666667 0.3764150069444444 0.36072570138888893 0.41232731944444445 0.275339 0.46229219675925926 0.19583330092592593 0.4525592986111111 0.17364132638888888 0.5288883703703703 0.17684821064814815 0.6426927523148147 0.22168146064814814 0.7882682893518519 0.32821146296296294 1 0.4919296134259259 1
0 0.49670275694444443 1 0.5079527569444444 0.9400749074074075 0.5029527569444444 0.6441947569444444 0.49670275694444443 0.5823970046296296 0.47045275694444444 0.4681647939814815 0.42670275694444443 0.37078651620370373 0.40545275694444444 0.3408239699074074 0.39420275694444445 0.33895131018518515 0.36562316898148145 0.34684178472222227 0.3224652291666667 0.3826657337962963 0.21071690046296296 0.40346674537037036 0.19920275694444445 0.4400749074074074 0.19545275694444444 0.45131086111111113 0.18420275694444446 0.4494382013888889 0.17170275694444445 0.5280898865740741 0.17295275694444445 0.612359550925926 0.18795275694444444 0.7003745324074074 0.20170275694444445 0.7490636712962963 0.22920275694444445 0.8146067407407408 0.2817027569444444 0.9082397013888889 0.32420275694444445 1 0.49670275694444443 1
1 0.5502424282407407 0.7589589837962962 0.5585729004629629 0.8292221597222222 0.5752336504629629 0.8417133425925926 0.6064726759259259 0.8854326990740741 0.6314638958333333 0.8885554583333333 0.6804051018518519 0.8463975532407407 0.6981071828703704 0.804239650462963 0.7720395138888889 0.5684676851851852 0.8043198726851851 0.44823956249999997 0.8105676782407407 0.3545553287037037 0.7720395138888889 0.393590474537037 0.7033136574074074 0.42169574305555557 0.6397943680555556 0.4201342916666667 0.5846053564814815 0.37797638657407406 0.5583333009259259 0.3214731550925926 0.5419120532407408 0.4232571226851852 0.5408707222222222 0.6730817222222222 0.5502424282407407 0.7589589837962962
2 0.5661684467592593 0.3251983263888889 0.5825700995370371 0.3594157893518518 0.6296355856481481 0.3979104189814815 0.6945288634259259 0.4214349467592593 0.7501517106481481 0.40004897685185187 0.7929385138888889 0.37866310416666665 0.8057745578703703 0.34658424768518514 0.8057745578703703 0.28777297453703704 0.787946763888889 0.24927834722222222 0.6902501828703704 0.23430824768518518 0.636766675925926 0.20436794675925926 0.6049325925925926 0.19931441666666666 0.5832831689814815 0.22896175462962964 0.568307787037037 0.2610406111111111 0.5661684467592593 0.3251983263888889
2 0.9435077430555556 0.36516082870370375 0.9905732291666667 0.35874505787037037 0.9941387083333333 0.3202504305555556 0.9834420069444444 0.2849636875 0.9392290625 0.2635777662037037 0.8935897152777778 0.23470679398148148 0.8607865416666667 0.25181555092592595 0.8386800046296295 0.2860329652777778 0.8529422523148148 0.32987408796296297 0.9057126875 0.3619529444444445 0.9435077430555556 0.36516082870370375
2 0.39227102314814816 0.31918115277777775 0.37087762037037036 0.3245275925925926 0.34877108333333334 0.3619529444444445 0.2895826574074074 0.3908239166666667 0.22183687268518518 0.40044757407407405 0.21468019675925926 0.39896219212962963 0.19617506018518518 0.4429802986111111 0.2667630185185185 0.46781317361111113 0.33950058564814817 0.43787292361111113 0.38014805092592596 0.38120025925925927 0.39227102314814816 0.31918115277777775
0 0 1 0.11 0.9943820231481482 0.1275 0.9868913865740742 0.15125 0.9981273402777778 0.27499999999999997 0.9981273402777778 0.25125000000000003 0.9026217222222223 0.13749999999999998 0.689138576388889 0.12125000000000001 0.6647940069444445 0.00125 0.5524344560185185 0 0.8726591759259259 0 1