0 0.09859027777777778 0.8792282731481481 0.11004541203703704 0.9058365277777777 0.2349903888888889 0.9015934375 0.24576181944444445 0.8890324027777778 0.2520171712962963 0.8538663287037037 0.2434828703703704 0.4436435138888889 0.21453916898148148 0.35959977083333333 0.20837382175925928 0.16380126157407407 0.14508867824074073 0.15871939814814814 0.11776427083333332 0.16744502546296297 0.12244825 0.35708288194444443 0.10527752777777778 0.3965638263888889 0.09247894907407408 0.4504036388888889 0.09859027777777778 0.8792282731481481
0 0.48168976157407406 0.5529049351851851 0.4785830833333333 0.5323374652777778 0.4501431620370371 0.47715530324074074 0.41643149074074076 0.35607572685185185 0.41433838657407407 0.31486886805555553 0.4356653449074074 0.27737754861111114 0.43653497916666667 0.24849199305555555 0.3523966898148148 0.22933893287037038 0.3359876527777778 0.23374969444444443 0.33627552546296297 0.25024202777777776 0.3478386134259259 0.2830349074074074 0.3389023842592593 0.4007345671296296 0.3236808310185185 0.4731762013888889 0.27256449537037036 0.6142959814814815 0.26128327314814814 0.6763579907407407 0.25947203009259256 0.7300060208333333 0.2718267731481481 0.8081528148148147 0.2983874907407407 0.8606182199074075 0.3296122337962963 0.8916931273148149 0.33138147916666666 0.9143461111111111 0.3535000925925926 0.9222087106481481 0.4646749143518519 0.9161438055555555 0.46713387268518514 0.899603525462963 0.5033884976851852 0.8515407962962963 0.5043660856481481 0.828839863425926 0.5177044282407407 0.805923175925926 0.5222984907407408 0.7542887430555555 0.516199099537037 0.6409758703703703 0.48168976157407406 0.5529049351851851
0 0.6183321967592592 0.4317388541666667 0.6175261481481482 0.38556032175925925 0.5873889490740741 0.31184825925925924 0.5832027407407407 0.22943453935185185 0.5894221087962963 0.1922069236111111 0.5872210509259259 0.14481543981481482 0.528056162037037 0.1396616574074074 0.4993943217592593 0.15047279861111112 0.5066811967592593 0.3318165462962963 0.4803643518518519 0.39826533796296293 0.4740730138888889 0.4313698703703704 0.4755123888888889 0.513831537037037 0.48315061574074075 0.6655636180555555 0.4912532291666667 0.7407552060185186 0.49211589814814816 0.7901774421296296 0.500929537037037 0.8680810740740741 0.6163325625 0.8681288773148148 0.6270680092592592 0.8535063032407407 0.6186895810185185 0.7670414166666667 0.6258505555555556 0.7050513310185186 0.6236494953703704 0.6576598449074075 0.6312062986111111 0.6183467152777778 0.6293710972222222 0.5132080902777778 0.6256167013888889 0.45553287268518516 0.6183321967592592 0.4317388541666667
0 0.8050425046296297 0.7390425763888889 0.7597017893518518 0.5026844837962963 0.728629 0.375372337962963 0.7263919583333334 0.3259193101851852 0.7312019236111111 0.2866541273148148 0.7187692013888888 0.2827468009259259 0.6382773541666666 0.315084337962963 0.6385292430555555 0.32951512962962964 0.6526592430555556 0.3519523564814815 0.6686664421296297 0.4032271921296296 0.6696020347222222 0.4568272754629629 0.664971988425926 0.5064001666666667 0.6248729652777777 0.7277522615740741 0.626456275462963 0.8184600925925927 0.6452103078703705 0.8696869837962963 0.6677607314814815 0.9022880810185185 0.7638999328703704 0.9006099652777778 0.7747073495370371 0.8901104722222222 0.7958903680555556 0.844372988425926 0.8059061273148148 0.7885195787037037 0.8050425046296297 0.7390425763888889
0 0.7807468819444444 0.37033827546296294 0.7726143333333333 0.37666673842592596 0.7624546365740741 0.4242739814814815 0.7670726550925926 0.5314262013888889 0.7815467013888889 0.7716445601851852 0.7867438078703705 0.8205043032407408 0.7921659421296297 0.8671218657407408 0.9075329861111112 0.865108125 0.915233724537037 0.834041162037037 0.9157795 0.7866017314814814 0.9084686666666667 0.44647133333333333 0.9047142708333333 0.38879611342592596 0.8773598912037037 0.3170976458333334 0.8770120740740741 0.13975711805555557 0.7904867916666667 0.1412674212962963 0.7923159837962963 0.32476860185185186 0.7807468819444444 0.37033827546296294
1 0.22095267361111112 0.8751157152777778 0.2366870185185185 0.8582128819444445 0.2479730023148148 0.8488416875 0.24004880555555555 0.46045935648148145 0.23121342824074076 0.4571732592592593 0.17640235879629632 0.46558403009259264 0.11751581018518518 0.45915785879629634 0.09424651620370371 0.4465529930555555 0.10076892592592593 0.8772135324074074 0.14622169212962963 0.8792870949074074 0.22095267361111112 0.8751157152777778
2 0.14283854861111112 0.44495457407407407 0.09649153472222222 0.44393498148148147 0.12057809027777777 0.4596778101851852 0.1851777013888889 0.46543085648148147 0.23890419675925928 0.4604793356481482 0.24214791666666666 0.44952838194444444 0.2055104837962963 0.4495945115740741 0.14283854861111112 0.44495457407407407
1 0.5190049143518519 0.7065893796296296 0.5163398148148148 0.6413639907407408 0.48577223611111114 0.551875886574074 0.47223706018518513 0.5635798819444444 0.40670295601851847 0.569884261574074 0.3432780023148148 0.5658308703703704 0.3010331574074074 0.5478158125 0.30051567129629625 0.5429742916666667 0.2902829050925926 0.5689552939814815 0.26754686574074077 0.6438923819444445 0.25924913657407406 0.7151371574074075 0.2693652106481481 0.7917943472222222 0.29919104861111107 0.8606535115740741 0.32877806018518513 0.8939668518518518 0.3847624490740741 0.9090444791666668 0.4366512824074074 0.9081387569444445 0.4700363310185185 0.8966616597222222 0.5032726064814815 0.8547976921296296 0.5203043171296297 0.8028956226851852 0.5190049143518519 0.7065893796296296
2 0.42680430555555554 0.5626527546296296 0.48159536574074074 0.5530955740740741 0.4227988333333333 0.5518283101851852 0.3441124398148148 0.5480413078703704 0.3101182337962963 0.5433591851851852 0.35424246990740743 0.5599056041666667 0.42680430555555554 0.5626527546296296
1 0.5162160277777778 0.8470077083333334 0.5741469606481482 0.8416063449074074 0.6250929375 0.8425985740740741 0.617077988425926 0.47908552546296296 0.585097525462963 0.4884240717592593 0.47638843981481477 0.47546716898148145 0.4743715277777778 0.530392400462963 0.48870346990740743 0.7057485393518519 0.49875422453703705 0.8510755000000001 0.5162160277777778 0.8470077083333334
2 0.609170773148148 0.4804778865740741 0.6335519490740741 0.4662546527777778 0.49859319907407407 0.45920288425925926 0.4775506134259259 0.4733678449074074 0.609170773148148 0.4804778865740741
1 0.6868833194444444 0.5799920439814815 0.6522934351851852 0.576762625 0.6382494351851852 0.663626787037037 0.6187718240740742 0.7674490601851852 0.6293441921296297 0.8230822800925927 0.6562686689814815 0.8828201898148149 0.7085541574074073 0.8888063425925926 0.7748315324074073 0.8832592893518518 0.7950956759259259 0.8484115185185185 0.8040498148148147 0.7874201597222222 0.8061940162037038 0.7428539791666666 0.7972456666666666 0.7085160856481482 0.7771011851851852 0.582807462962963 0.7320414999999999 0.5842211388888889 0.6868833194444444 0.5799920439814815
1 0.7688330462962963 0.54803375 0.7816488749999999 0.7533489328703703 0.7928037731481481 0.8635112407407407 0.8505866296296296 0.862502636574074 0.9059618680555555 0.8615360601851852 0.915868724537037 0.8312109120370371 0.9113519097222222 0.6414300162037037 0.907768537037037 0.5281203726851852 0.9100330277777778 0.45089125 0.8656499212962963 0.460711613425926 0.8009296990740741 0.4552078217592592 0.7616440393518518 0.4431730347222222 0.7688330462962963 0.54803375
2 0.7824937291666666 0.43382004861111106 0.765288287037037 0.4449175648148148 0.8037385995370371 0.4551587916666667 0.8676457337962963 0.46007374074074076 0.9044573148148147 0.45340073842592593 0.9111210856481482 0.4442387685185185 0.8617333263888889 0.4432917037037037 0.7824937291666666 0.43382004861111106