0 0.07311446296296296 0.8503035648148148 0.0826855949074074 0.877646074074074 0.20762219675925928 0.8821290393518518 0.21924360185185185 0.8703499814814815 0.22793677777777777 0.8357059212962964 0.24803896296296296 0.4258870648148148 0.22502836111111113 0.340029037037037 0.2325362476851852 0.14427740972222222 0.16975975462962964 0.1347933773148148 0.14189324074074075 0.14159169675925926 0.13333734027777777 0.3310943425925926 0.11345439583333333 0.3692813425925926 0.09693131712962964 0.42209722222222223 0.07311446296296296 0.8503035648148148
0 0.47804390277777775 0.5514988032407407 0.4763795069444445 0.530764724537037 0.4518581782407407 0.47373311342592594 0.42667471064814816 0.35059687500000003 0.4274611481481482 0.3093443865740741 0.45135141666666667 0.27343208564814814 0.4542338888888889 0.24467755787037038 0.37163660416666666 0.21970196296296296 0.3549598611111111 0.2229573449074074 0.35409658564814817 0.23942958333333333 0.36334399074074075 0.27294918287037034 0.34621921527777777 0.38973877083333336 0.3259814675925926 0.4609421388888889 0.26514563194444446 0.5981524652777778 0.24956266435185184 0.6592763541666667 0.24401353472222223 0.7126673541666667 0.2508869375 0.7914856111111112 0.27372315277777776 0.8456759953703703 0.30270415740740736 0.8788533333333334 0.30288890277777775 0.9015745532407408 0.3244051689814815 0.9109609143518519 0.4357322407407407 0.9126659467592592 0.439339 0.8963374861111112 0.4788579953703704 0.8509208287037038 0.48141674074074076 0.8283433888888888 0.4963211805555556 0.8064129606481482 0.504505886574074 0.7552247731481481 0.5063256597222222 0.6417624537037037 0.47804390277777775 0.5514988032407407
0 0.622805601851852 0.44015957175925924 0.6252227685185184 0.39403730092592587 0.6003008773148147 0.3184025324074074 0.6018737569444444 0.23589755324074074 0.6106748402777777 0.19919446296296298 0.6117850069444445 0.15176488425925927 0.55312375 0.14249652083333333 0.5237775810185186 0.15128197916666666 0.5183968055555556 0.33269228935185186 0.48750883333333334 0.39714344444444444 0.47892356712962963 0.4297284768518519 0.47460719907407406 0.5120896736111111 0.471642525462963 0.6639849606481482 0.47448030092592597 0.7395585949074074 0.4718933472222222 0.7889206180555556 0.47525123611111114 0.8672492893518519 0.5903698078703704 0.8753470833333333 0.6020991250000001 0.8615089953703703 0.5997725902777779 0.7746702847222222 0.6112403310185185 0.713330726851852 0.6123504976851852 0.665901148148148 0.6226312361111112 0.6272109166666666 0.6281346041666667 0.5222003888888889 0.628412574074074 0.46440377083333334 0.622805601851852 0.44015957175925924
0 0.7876246689814814 0.7597389722222223 0.7588819074074074 0.520793824074074 0.7367656574074074 0.39162427546296297 0.7379837337962962 0.34213566666666667 0.7455209814814815 0.30330165740740744 0.7333911064814814 0.29853658564814817 0.6508395810185185 0.3251805231481481 0.6500842175925926 0.3395937337962963 0.6626146550925925 0.36296196296296296 0.6750061087962963 0.41522850231481484 0.6722004699074074 0.46876328240740744 0.6641236712962963 0.5178924398148148 0.6086815856481481 0.7359081666666667 0.6039335810185186 0.8265054837962963 0.6190685231481482 0.8789158055555555 0.639289875 0.9130105254629629 0.7353119467592593 0.9180428287037037 0.7468254444444445 0.9083227986111111 0.7711473472222222 0.8641743819444444 0.7850348472222223 0.8091556921296296 0.7876246689814814 0.7597389722222223
0 0.7891077407407407 0.390238037037037 0.7805535532407407 0.39598378703703707 0.7670976898148149 0.4427663564814815 0.7642298981481481 0.5499796944444445 0.7619119027777778 0.7906225532407407 0.7636880648148149 0.8397258078703703 0.7658451157407408 0.8866080393518518 0.8810715995370371 0.8926468055555555 0.8909207013888889 0.8621926944444445 0.8947743564814815 0.8149068958333333 0.9112076296296296 0.47509506018518516 0.911485599537037 0.41729844212962963 0.8891992847222222 0.34386648148148147 0.9012229652777778 0.1669336851851852 0.814803099537037 0.16240461111111112 0.8038274398148147 0.3455863888888889 0.7891077407407407 0.390238037037037
1 0.1954656689814815 0.8547365949074075 0.2123407662037037 0.8389725092592593 0.22425296064814815 0.8304114120370371 0.24344025000000002 0.4424223958333333 0.23485562268518517 0.4385279814814815 0.1795913611111111 0.4430948356481481 0.12129652777777779 0.43257659953703703 0.0989631851851852 0.4183792546296296 0.07542834722222222 0.8484457060185185 0.12062574768518519 0.8536848425925926 0.1954656689814815 0.8547365949074075
2 0.14754834953703705 0.4201743402777777 0.1013853587962963 0.415924224537037 0.12431507638888889 0.43330889814814816 0.1883560138888889 0.44355417129629626 0.24229703703703703 0.4423624837962963 0.24629675231481482 0.43166447685185183 0.2097439537037037 0.4291747476851852 0.14754834953703705 0.4201743402777777
1 0.5045476712962963 0.7074118541666666 0.5064389583333333 0.6421594444444444 0.4821882152777778 0.5507570393518518 0.46786958101851855 0.5614883611111111 0.40205534259259257 0.5632059537037036 0.3390676412037037 0.5547381365740741 0.2981823680555556 0.5338201087962963 0.2980038703703704 0.5289542847222223 0.28598368750000003 0.554158199074074 0.25807568287037036 0.6273267569444444 0.24482838425925926 0.697819162037037 0.2495724814814815 0.7749952800925926 0.2745222916666667 0.8457672546296297 0.3017134097222222 0.8810633287037036 0.356509662037037 0.9000095023148148 0.4083352777777777 0.9027255671296296 0.4424396018518518 0.8936052523148148 0.4785151990740741 0.8541617083333334 0.4991259259259259 0.8035741412037036 0.5045476712962963 0.7074118541666666
2 0.4226121712962963 0.557394261574074 0.4779364375 0.5516823935185186 0.4193715300925926 0.5463167777777778 0.3411409814814815 0.5370501134259259 0.3075561921296296 0.5300080810185185 0.35041872453703704 0.5495921458333334 0.4226121712962963 0.557394261574074
1 0.49197049074074073 0.847293587962963 0.550137087962963 0.8459464398148149 0.6008897476851851 0.8504900624999999 0.618251712962963 0.48730341898148144 0.5856977291666667 0.49438837268518515 0.47815728009259256 0.4738798703703704 0.4723138912037037 0.5285306134259259 0.4743786967592593 0.7044593402777778 0.47426746990740737 0.8501333958333334 0.49197049074074073 0.847293587962963
2 0.6102666319444444 0.48814081018518524 0.6355805810185186 0.47565296759259257 0.5014424884259259 0.4592041319444444 0.47946306481481477 0.47186672916666667 0.6102666319444444 0.48814081018518524
1 0.6808481180555556 0.5928335069444445 0.6465677662037037 0.5871990902777777 0.6264986388888888 0.6728719930555556 0.5998261967592592 0.7750826712962963 0.6064920347222221 0.8313178611111112 0.6291838217592592 0.8927884097222223 0.6809243703703705 0.9024072337962963 0.7474272407407407 0.9014969675925926 0.7700728773148149 0.8681476388888889 0.7832597476851851 0.8079294606481482 0.7885075069444445 0.7636214143518519 0.7819762430555556 0.7287429606481481 0.7706498240740741 0.601935349537037 0.7256012870370371 0.600202375 0.6808481180555556 0.5928335069444445
1 0.7648275162037037 0.566669587962963 0.7632900648148149 0.7723786180555555 0.7667332569444445 0.8830507037037038 0.824445712962963 0.886075287037037 0.8797534837962963 0.8889738449074074 0.8917515833333334 0.8594136342592592 0.9004842175925926 0.6697799583333334 0.9048136550925926 0.5564963680555556 0.9124598611111111 0.47961333333333334 0.8674998356481481 0.4863137662037037 0.8033211944444445 0.4763087268518518 0.7649707361111111 0.4615628263888889 0.7648275162037037 0.566669587962963
2 0.7864220694444444 0.45368702777777775 0.7684844143518519 0.46355731712962966 0.8061266712962962 0.4764557569444445 0.8695352824074075 0.4858166689814815 0.9067226782407408 0.4817277685185185 0.9140093217592593 0.47305295601851854 0.8648079328703704 0.46866308333333334 0.7864220694444444 0.45368702777777775