0 0.8464419467592592 0.5725 0.9475655439814815 0.5499999999999999 0.9416207939814816 0.4973366967592593 0.9325842685185185 0.46375 0.7977528078703704 0.44625 0.6853932592592592 0.4425 0.5992509351851851 0.455 0.5749063680555556 0.46625 0.4475655439814815 0.49875 0.38014981249999996 0.50375 0.37640449537037035 0.51375 0.3838951319444444 0.5287499999999999 0.4044943819444444 0.53625 0.5224719097222222 0.53125 0.5786516851851852 0.5337500000000001 0.7509363287037037 0.5599999999999999 0.8146067407407408 0.5750000000000001 0.8464419467592592 0.5725
1 0.7065325370370371 0.5807305532407407 0.8065700925925926 0.5773947986111111 0.8282449097222222 0.5768388726851852 0.8799309560185186 0.5651637337962963 0.8574225046296297 0.547373011574074 0.8407496041666667 0.5206869768518518 0.8440841759259259 0.47732217129629634 0.8608572662037036 0.45410000925925925 0.7223718032407407 0.4406288726851852 0.6815231481481482 0.44452060416666667 0.5072910578703703 0.4589755231481481 0.41058811342592594 0.47843412268518515 0.37390762268518524 0.5006724513888889 0.37474129629629627 0.5195750740740741 0.3939151342592592 0.5407015023148148 0.3864123194444445 0.5490408865740741 0.3980834166666667 0.5657196597222223 0.44310031944444445 0.5707232916666667 0.5031228518518519 0.5796186527777778 0.5914893472222222 0.5846222847222222 0.7065325370370371 0.5807305532407407
2 0.9099422407407408 0.5340299930555555 0.8991048333333334 0.5045641805555555 0.8991048333333334 0.47954602314814815 0.898271199074074 0.4645351296296297 0.8757627499999999 0.45786362037037037 0.8607571157407408 0.460643400462963 0.8469663101851852 0.4777237152777778 0.841583238425926 0.5190190995370371 0.8640916875 0.5523766435185186 0.8866001388888889 0.5629398819444444 0.9082749560185185 0.5557123958333333 0.9099422407407408 0.5340299930555555
0 0.612359550925926 0.8037500000000001 0.6722846435185185 0.80875 0.7247191018518518 0.80625 0.8277153564814815 0.7825000000000001 0.8389513101851852 0.775 0.8352059930555555 0.7625 0.8426966296296295 0.7325 0.8483146064814814 0.73125 0.8895131087962963 0.64625 0.8764044953703704 0.62125 0.8464419467592592 0.5950000000000001 0.8146067407407408 0.57875 0.7415730347222222 0.5625 0.6011235949074073 0.54125 0.31460674074074074 0.5387500000000001 0.19475655324074076 0.54625 0.1591760300925926 0.56125 0.14794007407407406 0.5812499999999999 0.11797752777777779 0.59875 0.11235955092592594 0.6337499999999999 0.15168539351851854 0.67375 0.22846441898148148 0.7125 0.4419475648148148 0.7737499999999999 0.5 0.78125 0.5056179768518518 0.7875 0.543071162037037 0.79375 0.584269662037037 0.79375 0.612359550925926 0.8037500000000001
1 0.6410168865740741 0.9101554143518519 0.6634571828703704 0.8524315277777779 0.7156446412037036 0.8346169953703705 0.6057534930555556 0.7979145254629629 0.4566857152777778 0.7562250532407409 0.28998631712962963 0.7273631111111111 0.24510564583333333 0.7262941180555555 0.2370912986111111 0.7476733009259259 0.22747402314814813 0.7647767083333333 0.19862219675925927 0.7904317685185185 0.21625381944444444 0.8267764699074074 0.501566386574074 0.9657413148148147 0.5656815347222223 0.9732241689814815 0.6634571828703704 0.9946032569444445 0.6362082476851852 0.9753619606481481 0.6410168865740741 0.9101554143518519
0 0.7640449444444444 0.8450000000000001 0.7415730347222222 0.84375 0.7116104861111111 0.825 0.683520599537037 0.815 0.4812734074074074 0.7887500000000001 0.4419475648148148 0.77875 0.3988764050925926 0.7587499999999999 0.28651685416666667 0.73 0.25468164814814814 0.7262500000000001 0.24157303472222222 0.7325 0.23408239814814816 0.76125 0.2003745324074074 0.78625 0.20786516898148147 0.81 0.2209737824074074 0.8137500000000001 0.22284644212962962 0.825 0.24719101157407408 0.84375 0.5093632962962963 0.96875 0.6610486898148148 0.995 0.7940074907407407 0.9987499999999999 0.8314606736111111 0.89375 0.7883895138888889 0.8725 0.7640449444444444 0.8450000000000001
1 0 0.4919296134259259 0.014637405092592592 0.5013013194444444 0.06616373148148148 0.5023426527777778 0.20981298611111113 0.4960948472222222 0.3472164328703704 0.49297094444444445 0.44558494907407403 0.4877643773148148 0.5236551666666667 0.47735143055555557 0.6048481458333334 0.44611240740740743 0.6626200648148148 0.3940472986111111 0.6235849930555555 0.3836343541666667 0.5876726805555555 0.36072570138888893 0.5377078032407407 0.275339 0.5474407013888889 0.19583330092592593 0.47111162962962966 0.17364132638888888 0.3573072476851852 0.17684821064814815 0.21173171064814814 0.22168146064814814 0 0.32821146296296294 0 0.4919296134259259
0 0 0.49670275694444443 0.05992509259259259 0.5079527569444444 0.35580524305555555 0.5029527569444444 0.4176029953703704 0.49670275694444443 0.5318352060185185 0.47045275694444444 0.6292134837962963 0.42670275694444443 0.6591760300925926 0.40545275694444444 0.6610486898148148 0.39420275694444445 0.6531582152777778 0.36562316898148145 0.6173342662037037 0.3224652291666667 0.5965332546296296 0.21071690046296296 0.5599250925925926 0.19920275694444445 0.5486891388888888 0.19545275694444444 0.5505617986111111 0.18420275694444446 0.4719101134259259 0.17170275694444445 0.3876404490740741 0.17295275694444445 0.29962546759259256 0.18795275694444444 0.2509363287037037 0.20170275694444445 0.18539325925925926 0.22920275694444445 0.09176029861111111 0.2817027569444444 0 0.32420275694444445 0 0.49670275694444443
1 0.6064095254629629 0.7720395138888889 0.5783042569444444 0.7033136574074074 0.5798657083333333 0.6397943680555556 0.6220236134259259 0.5846053564814815 0.6785268449074074 0.5583333009259259 0.5767428773148148 0.5419120532407408 0.3269182777777778 0.5408707222222222 0.2410410162037037 0.5502424282407407 0.1707778402777778 0.5585729004629629 0.1582866574074074 0.5752336504629629 0.11456730092592593 0.6064726759259259 0.11144454166666666 0.6314638958333333 0.15360244675925927 0.6804051018518519 0.19576034953703705 0.6981071828703704 0.43153231481481485 0.7720395138888889 0.5517604375 0.8043198726851851 0.6454446712962962 0.8105676782407407 0.6064095254629629 0.7720395138888889
2 0.7956320532407408 0.636766675925926 0.8006855833333333 0.6049325925925926 0.7710382453703704 0.5832831689814815 0.7389593888888889 0.568307787037037 0.6748016736111111 0.5661684467592593 0.6405842106481481 0.5825700995370371 0.6020895810185185 0.6296355856481481 0.5785650532407407 0.6945288634259259 0.5999510231481481 0.7501517106481481 0.6213368958333333 0.7929385138888889 0.6534157523148147 0.8057745578703703 0.7122270254629629 0.8057745578703703 0.7507216527777778 0.787946763888889 0.7656917523148148 0.6902501828703704 0.7956320532407408 0.636766675925926
2 0.6348391712962963 0.9435077430555556 0.6412549421296296 0.9905732291666667 0.6797495694444444 0.9941387083333333 0.7150363125 0.9834420069444444 0.7364222337962963 0.9392290625 0.7652932060185186 0.8935897152777778 0.7481844490740741 0.8607865416666667 0.7139670347222222 0.8386800046296295 0.6701259120370371 0.8529422523148148 0.6380470555555555 0.9057126875 0.6348391712962963 0.9435077430555556
2 0.6808188472222222 0.39227102314814816 0.6754724074074074 0.37087762037037036 0.6380470555555555 0.34877108333333334 0.6091760833333333 0.2895826574074074 0.5995524259259258 0.22183687268518518 0.6010378078703703 0.21468019675925926 0.5570197013888889 0.19617506018518518 0.5321868263888889 0.2667630185185185 0.5621270763888889 0.33950058564814817 0.6187997407407407 0.38014805092592596 0.6808188472222222 0.39227102314814816
0 0 0 0.005617976851851852 0.11 0.013108613425925926 0.1275 0.0018726597222222222 0.15125 0.0018726597222222222 0.27499999999999997 0.09737827777777779 0.25125000000000003 0.31086142361111113 0.13749999999999998 0.33520599305555554 0.12125000000000001 0.4475655439814815 0.00125 0.12734082407407407 0 0 0