0 0.15023848379629628 0.4457307291666667 0.05043103009259259 0.4734922939814815 0.05912381944444444 0.525772300925926 0.06990575231481481 0.5588400324074074 0.2054683101851852 0.5692595162037036 0.31787013425925925 0.5671239328703703 0.4032402037037037 0.5501327222222222 0.4269626273148148 0.5376240439814816 0.5524280162037036 0.49850407870370367 0.6194896782407407 0.48998266435185184 0.6227065023148148 0.47980035416666666 0.6144410925925926 0.46521294212962966 0.5934775532407407 0.4588013009259259 0.4759233888888889 0.4699689166666666 0.41968976620370374 0.47041256481481486 0.24626741435185184 0.4532152199074074 0.1818992199074074 0.44156803009259254 0.15023848379629628 0.4457307291666667
1 0.28952539814814815 0.430189162037037 0.18979952083333332 0.4387559074074074 0.1681835023148148 0.44044544444444444 0.11717931944444444 0.45480962037037037 0.14058801851851851 0.47139796064814815 0.15863470833333332 0.4971748310185185 0.15757424537037037 0.540654724537037 0.14203949537037036 0.5647228958333333 0.28104019444444445 0.5709278032407408 0.32162918981481486 0.5649035509259259 0.49486598842592594 0.541349837962963 0.5904180208333334 0.5168568657407407 0.6258843796296296 0.49272930555555555 0.6240625601851852 0.4738962199074074 0.6038093287037037 0.45380222453703706 0.610865412037037 0.44508160185185186 0.5983374097222223 0.42903650462962967 0.5531203310185185 0.4263957337962963 0.49271450925925925 0.4206538981481482 0.40420724768518523 0.42028187037037035 0.28952539814814815 0.430189162037037
2 0.08883857870370371 0.4874713634259259 0.10120325462962963 0.5163296064814815 0.10251260416666667 0.5413134791666666 0.10413070601851852 0.5562601712962963 0.1269574675925926 0.5617445370370371 0.14179705555555555 0.5581832314814815 0.1546750462962963 0.5404045694444444 0.15788950694444445 0.4988840509259259 0.13366610648148147 0.4667502245370371 0.11063566435185185 0.457379462962963 0.08936881018518518 0.4657314166666667 0.08883857870370371 0.4874713634259259
0 0.37189738657407406 0.20254672222222223 0.31179274074074076 0.20068981249999998 0.2595609814814815 0.20593059490740742 0.1579488587962963 0.23503845370370371 0.14712082175925925 0.2431162199074074 0.15151520601851853 0.2554030740740741 0.14560491435185186 0.2857539884259259 0.14006005555555556 0.2872962986111111 0.10336657175925926 0.37433597222222226 0.11776562037037036 0.3986156574074074 0.1490609236111111 0.4232615648148148 0.18170296064814814 0.4378231689814815 0.25548703472222223 0.45022860879629634 0.39685613425925925 0.46409893287037035 0.6831111666666666 0.4516003726851852 0.8024045833333333 0.43783817592592594 0.8371513055555555 0.4209965925925926 0.8473251435185185 0.40043595833333334 0.8763307476851852 0.3813918217592593 0.8801092662037037 0.34614576620370374 0.8387438819444445 0.3082587407407407 0.7600420601851852 0.27358015046296297 0.5436459074074074 0.2235869351851852 0.48528051157407404 0.21913544444444444 0.4793431342592593 0.2131880300925926 0.44161417824074073 0.20890674537037038 0.4004721388888889 0.2110629074074074 0.37189738657407406 0.20254672222222223
1 0.33771049537037034 0.09778694212962963 0.3183219884259259 0.1566061550925926 0.2671383912037037 0.17712755324074075 0.3787997962962963 0.20802846527777777 0.5298451412037037 0.24185919907407408 0.6978265995370371 0.26195721527777777 0.7427017106481482 0.2606758703703704 0.749586175925926 0.2389065486111111 0.7582951481481481 0.2213232523148148 0.78576475 0.1941933634259259 0.7662551574074074 0.15882123842592594 0.47406074305555557 0.03497894675925926 0.4096418402777778 0.030861875 0.31088129398148145 0.014629268518518519 0.3390998981481481 0.03241809490740741 0.33771049537037034 0.09778694212962963
0 0.2182610162037037 0.16929185416666664 0.24076754861111113 0.16936405324074075 0.2716703333333333 0.1865202384259259 0.30024508333333333 0.19503642361111112 0.5035889212962963 0.21066564814814814 0.5433842291666666 0.21859378703703705 0.5874430787037037 0.23631220833333333 0.7011533055555556 0.25914236342592595 0.7331411412037037 0.26122109722222225 0.7459046898148147 0.2542936111111111 0.7518804027777778 0.22519098148148148 0.7842336736111112 0.19846111111111112 0.775510324074074 0.17513568750000003 0.7622234166666666 0.17207687962962961 0.7597645416666666 0.16094030555555555 0.734472037037037 0.14349009722222222 0.4661170555555556 0.03238244212962963 0.31326572453703705 0.014107018518518519 0.1802928773148148 0.01732068287037037 0.1483862986111111 0.12413693287037038 0.19251056944444442 0.14310363888888888 0.2182610162037037 0.16929185416666664
1 1 0.486907037037037 0.9997371388888888 0.4818913472222222 0.9846293171296296 0.4732985486111111 0.9331191064814816 0.47495532175925925 0.7899937037037037 0.4887125856481482 0.6529420555555555 0.4990233495370371 0.5549808402777777 0.5093709907407408 0.4775625856481482 0.5238555462962963 0.39811580324074075 0.5593010694444445 0.3431479351851852 0.6143183726851852 0.3826744837962963 0.6226741087962963 0.419736525462963 0.6436718611111111 0.47410172222222224 0.7263265833333333 0.4685431689814815 0.8062327037037037 0.5459290740740741 0.8243995092592592 0.6594096550925926 0.8152409583333333 0.8024392939814815 0.7628503171296296 1 0.6501241550925926 1 0.486907037037037
0 1 0.48690705092592595 0.9994873310185185 0.47712474537037036 0.9390555856481482 0.46902640046296296 0.6438426087962964 0.4895047199074074 0.5824566458333333 0.49898039814814815 0.46975480555555554 0.531172875 0.37479968055555557 0.5799593032407407 0.3459903356481482 0.6027482986111111 0.3447090208333333 0.6140808888888889 0.35408442361111114 0.6422083541666667 0.39211798842592593 0.6834322662037037 0.4187389490740741 0.7939388078703703 0.45589954398148147 0.8035212476851852 0.4673163587962963 0.8066780648148147 0.46603504629629633 0.8180106550925926 0.5452331412037037 0.826377212962963 0.6293218958333333 0.8207185925925926 0.7164312175925927 0.8011328009259259 0.7643340092592593 0.7848534513888888 0.8283480162037037 0.7539608796296297 0.9191050185185184 0.6966324583333333 1 0.6538877916666667 1 0.48690705092592595
1 0.3794988564814815 0.23390235185185185 0.4111624421296296 0.30106310416666665 0.41292747222222226 0.3645770625 0.37371571296296296 0.4218968148148148 0.31866489120370367 0.4510900162037037 0.42116878935185187 0.4621617986111111 0.6707055115740741 0.4501268912037037 0.7559746041666666 0.4362735601851852 0.8257055023148148 0.4242772152777778 0.8373076111111111 0.40698556018518517 0.8793321273148149 0.37350125231481485 0.8811426689814815 0.3483808495370371 0.8364811527777777 0.3017130902777778 0.7934545717592593 0.2862416435185185 0.5541364050925925 0.2247499861111111 0.43238362731481483 0.19880611805555556 0.33850079861111115 0.19746993055555556 0.3794988564814815 0.23390235185185185
2 0.19761528472222223 0.37889294444444443 0.1942347476851852 0.4109478819444444 0.22497449768518518 0.4310160138888889 0.2577931435185185 0.4442919953703704 0.3219748981481481 0.44307064814814817 0.35528706944444444 0.42490066898148143 0.39126572685185185 0.3758850324074074 0.4113617638888889 0.30984950925925925 0.38709402777777774 0.25542214583333334 0.3634981759259259 0.21381323148148149 0.3307914953703704 0.2026736550925926 0.27206081944444443 0.20575159953703703 0.2345519837962963 0.22556961574074072 0.22471544444444444 0.3239157800925926 0.19761528472222223 0.37889294444444443
2 0.34213421990740744 0.06415700694444444 0.3332640231481481 0.017491796296296297 0.29463554861111113 0.01594585648148148 0.2599569884259259 0.02847466435185185 0.24091430092592592 0.07374626851851852 0.21447147453703705 0.12083406018518518 0.23327356944444444 0.152696875 0.26860105787037036 0.1729823148148148 0.3116356689814815 0.15644514583333335 0.3409087708333334 0.10206815277777778 0.34213421990740744 0.06415700694444444
2 0.3250670578703704 0.6170446643518518 0.33152581481481486 0.6381289375 0.3700568425925926 0.6582464884259259 0.4019859305555556 0.7158428078703705 0.41514193981481484 0.7829920856481482 0.41403314583333334 0.7902166921296296 0.45895941203703705 0.806392738425926 0.4800639652777778 0.7346018657407407 0.4463579560185185 0.6635309351851851 0.38763563657407407 0.6259051944444445 0.3250670578703704 0.6170446643518518
0 1 0.7014344074074074 0.9150885115740741 0.7273375046296296 0.7078511527777778 0.8521044583333334 0.6843904050925926 0.8696062847222222 0.5784651550925927 0.9953222731481481 0.8983164375 0.9798112939814815 1 0.9744822847222222 1 0.7014344074074074